0.0 0.0 0.0 0.0 0.0 0.0 0.0 0.0 0.0 0.0 
0.1 0.0 0.0 0.0 0.0 0.0 0.0 0.0 0.0 0.0 
0.2 0.0 0.0 0.0 0.0 0.0 0.0 0.0 0.0 0.0 
0.30000000000000004 0.0 0.0 0.0 0.0 0.0 0.0 0.0 0.0 0.0 
0.4 0.0 0.0 0.0 0.0 0.0 0.0 0.0 0.0 0.0 
0.5 0.0 0.0 0.0 0.0 0.0 0.0 0.0 0.0 0.0 
0.6000000000000001 0.0 0.0 0.0 0.0 0.0 0.0 0.0 0.0 0.0 
0.7000000000000001 0.0 0.0 0.0 0.0 0.0 0.0 0.0 0.0 0.0 
0.8 0.0 0.0 0.0 0.0 0.0 0.0 0.0 0.0 0.0 
0.9 0.0 0.0 0.0 0.0 0.0 0.0 0.0 0.0 0.0 
1.0 0.0 0.0 0.0 0.0 0.0 0.0 0.0 0.0 0.0 
1.1 0.0 0.0 0.0 0.0 0.0 0.0 0.0 0.0 0.0 
1.2000000000000002 0.0 0.0 0.0 0.0 0.0 0.0 0.0 0.0 0.0 
1.3 0.0 0.0 0.0 0.0 0.0 0.0 0.0 0.0 0.0 
1.4000000000000001 0.0 0.0 0.0 0.0 0.0 0.0 0.0 0.0 0.0 
1.5 0.0 0.0 0.0 0.0 0.0 0.0 0.0 0.0 0.0 
1.6 0.0 0.0 0.0 0.0 0.0 0.0 0.0 0.0 0.0 
1.7000000000000002 0.0 0.0 0.0 0.0 0.0 0.0 0.0 0.0 0.0 
1.8 0.0 0.0 0.0 0.0 0.0 0.0 0.0 0.0 0.0 
1.9000000000000001 0.0 0.0 0.0 0.0 0.0 0.0 0.0 0.0 0.0 
2.0 0.0 0.0 0.0 0.0 0.0 0.0 0.0 0.0 0.0 
2.1 0.0 0.0 0.0 0.0 0.0 0.0 0.0 0.0 0.0 
2.2 0.0 0.0 0.0 0.0 0.0 0.0 0.0 0.0 0.0 
2.3000000000000003 0.0 0.0 0.0 0.0 0.0 0.0 0.0 0.0 0.0 
2.4000000000000004 0.0 0.0 0.0 0.0 0.0 0.0 0.0 0.0 0.0 
2.5 0.0 0.0 0.0 0.0 0.0 0.0 0.0 0.0 0.0 
2.6 0.0 0.0 0.0 0.0 0.0 0.0 0.0 0.0 0.0 
2.7 0.0 0.0 0.0 0.0 0.0 0.0 0.0 0.0 0.0 
2.8000000000000003 0.0 0.0 0.0 0.0 0.0 0.0 0.0 0.0 0.0 
2.9000000000000004 0.0 0.0 0.0 0.0 0.0 0.0 0.0 0.0 0.0 
3.0 0.0 0.0 0.0 0.0 0.0 0.0 0.0 0.0 0.0 
3.1 0.0 0.0 0.0 0.0 0.0 0.0 0.0 0.0 0.0 
3.2 0.0 0.0 0.0 0.0 0.0 0.0 0.0 0.0 0.0 
3.3000000000000003 0.0 0.0 0.0 0.0 0.0 0.0 0.0 0.0 0.0 
3.4000000000000004 0.0 0.0 0.0 0.0 0.0 0.0 0.0 0.0 0.0 
3.5 0.0 0.0 0.0 0.0 0.0 0.0 0.0 0.0 0.0 
3.6 0.0 0.0 0.0 0.0 0.0 0.0 0.0 0.0 0.0 
3.7 0.0 0.0 0.0 0.0 0.0 0.0 0.0 0.0 0.0 
3.8000000000000003 0.0 0.0 0.0 0.0 0.0 0.0 0.0 0.0 0.0 
3.9000000000000004 0.0 0.0 0.0 0.0 0.0 0.0 0.0 0.0 0.0 
4.0 0.0 0.0 0.0 0.0 0.0 0.0 0.0 0.0 0.0 
4.1000000000000005 0.0 0.0 0.0 0.0 0.0 0.0 0.0 0.0 0.0 
4.2 0.0 0.0 0.0 0.0 0.0 0.0 0.0 0.0 0.0 
4.3 0.0 0.0 0.0 0.0 0.0 0.0 0.0 0.0 0.0 
4.4 0.0 0.0 0.0 0.0 0.0 0.0 0.0 0.0 0.0 
4.5 0.0 0.0 0.0 0.0 0.0 0.0 0.0 0.0 0.0 
4.6000000000000005 0.0 0.0 0.0 0.0 0.0 0.0 0.0 0.0 0.0 
4.7 0.0 0.0 0.0 0.0 0.0 0.0 0.0 0.0 0.0 
4.800000000000001 0.0 0.0 0.0 0.0 0.0 0.0 0.0 0.0 0.0 
4.9 0.0 0.0 0.0 0.0 0.0 0.0 0.0 0.0 0.0 
5.0 0.0 0.0 0.0 0.0 0.0 0.0 0.0 0.0 0.0 
5.1000000000000005 0.0 0.0 0.0 0.0 0.0 0.0 0.0 0.0 0.0 
5.2 0.0 0.0 0.0 0.0 0.0 0.0 0.0 0.0 0.0 
5.300000000000001 0.0 0.0 0.0 0.0 0.0 0.0 0.0 0.0 0.0 
5.4 0.0 0.0 0.0 0.0 0.0 0.0 0.0 0.0 0.0 
5.5 0.0 0.0 0.0 0.0 0.0 0.0 0.0 0.0 0.0 
5.6000000000000005 0.0 0.0 0.0 0.0 0.0 0.0 0.0 0.0 0.0 
5.7 0.0 0.0 0.0 0.0 0.0 0.0 0.0 0.0 0.0 
5.800000000000001 0.0 0.0 0.0 0.0 0.0 0.0 0.0 0.0 0.0 
5.9 0.0 0.0 0.0 0.0 0.0 0.0 0.0 0.0 0.0 
6.0 0.0 0.0 0.0 0.0 0.0 0.0 0.0 0.0 0.0 
6.1000000000000005 0.0 0.0 0.0 0.0 0.0 0.0 0.0 0.0 0.0 
6.2 0.0 0.0 0.0 0.0 0.0 0.0 0.0 0.0 0.0 
6.300000000000001 0.0 0.0 0.0 0.0 0.0 0.0 0.0 0.0 0.0 
6.4 0.0 0.0 0.0 0.0 0.0 0.0 0.0 0.0 0.0 
6.5 0.0 0.0 0.0 0.0 0.0 0.0 0.0 0.0 0.0 
6.6000000000000005 0.0 0.0 0.0 0.0 0.0 0.0 0.0 0.0 0.0 
6.7 0.0 0.0 0.0 0.0 0.0 0.0 0.0 0.0 0.0 
6.800000000000001 0.0 0.0 0.0 0.0 0.0 0.0 0.0 0.0 0.0 
6.9 0.0 0.0 0.0 0.0 0.0 0.0 0.0 0.0 0.0 
7.0 0.0 0.0 0.0 0.0 0.0 0.0 0.0 0.0 0.0 
7.1000000000000005 0.0 0.0 0.0 0.0 0.0 0.0 0.0 0.0 0.0 
7.2 0.0 0.0 0.0 0.0 0.0 0.0 0.0 0.0 0.0 
7.300000000000001 0.0 0.0 0.0 0.0 0.0 0.0 0.0 0.0 0.0 
7.4 0.0 0.0 0.0 0.0 0.0 0.0 0.0 0.0 0.0 
7.5 0.0 0.0 0.0 0.0 0.0 0.0 0.0 0.0 0.0 
7.6000000000000005 0.0 0.0 0.0 0.0 0.0 0.0 0.0 0.0 0.0 
7.7 0.0 0.0 0.0 0.0 0.0 0.0 0.0 0.0 0.0 
7.800000000000001 0.0 0.0 0.0 0.0 0.0 0.0 0.0 0.0 0.0 
7.9 0.0 0.0 0.0 0.0 0.0 0.0 0.0 0.0 0.0 
8.0 0.0 0.0 0.0 0.0 0.0 0.0 0.0 0.0 0.0 
8.1 0.0 0.0 0.0 0.0 0.0 0.0 0.0 0.0 0.0 
8.200000000000001 0.0 0.0 0.0 0.0 0.0 0.0 0.0 0.0 0.0 
8.3 0.0 0.0 0.0 0.0 0.0 0.0 0.0 0.0 0.0 
8.4 0.0 0.0 0.0 0.0 0.0 0.0 0.0 0.0 0.0 
8.5 0.0 0.0 0.0 0.0 0.0 0.0 0.0 0.0 0.0 
8.6 0.0 0.0 0.0 0.0 0.0 0.0 0.0 0.0 0.0 
8.700000000000001 0.0 0.0 0.0 0.0 0.0 0.0 0.0 0.0 0.0 
8.8 0.0 0.0 0.0 0.0 0.0 0.0 0.0 0.0 0.0 
8.9 0.0 0.0 0.0 0.0 0.0 0.0 0.0 0.0 0.0 
9.0 0.0 0.0 0.0 0.0 0.0 0.0 0.0 0.0 0.0 
9.1 0.0 0.0 0.0 0.0 0.0 0.0 0.0 0.0 0.0 
9.200000000000001 0.0 0.0 0.0 0.0 0.0 0.0 0.0 0.0 0.0 
9.3 0.0 0.0 0.0 0.0 0.0 0.0 0.0 0.0 0.0 
9.4 0.0 0.0 0.0 0.0 0.0 0.0 0.0 0.0 0.0 
9.5 0.0 0.0 0.0 0.0 0.0 0.0 0.0 0.0 0.0 
9.600000000000001 0.0 0.0 0.0 0.0 0.0 0.0 0.0 0.0 0.0 
9.700000000000001 0.0 0.0 0.0 0.0 0.0 0.0 0.0 0.0 0.0 
9.8 0.0 0.0 0.0 0.0 0.0 0.0 0.0 0.0 0.0 
9.9 0.0 0.0 0.0 0.0 0.0 0.0 0.0 0.0 0.0 
10.0 0.0 0.0 0.0 0.0 0.0 0.0 0.0 0.0 0.0 
10.100000000000001 0.0 0.0 0.0 0.0 0.0 0.0 0.0 0.0 0.0 
10.200000000000001 0.0 0.0 0.0 0.0 0.0 0.0 0.0 0.0 0.0 
10.3 0.0 0.0 0.0 0.0 0.0 0.0 0.0 0.0 0.0 
10.4 0.0 0.0 0.0 0.0 0.0 0.0 0.0 0.0 0.0 
10.5 0.0 0.0 0.0 0.0 0.0 0.0 0.0 0.0 0.0 
10.600000000000001 0.0 0.0 0.0 0.0 0.0 0.0 0.0 0.0 0.0 
10.700000000000001 0.0 0.0 0.0 0.0 0.0 0.0 0.0 0.0 0.0 
10.8 0.0 0.0 0.0 0.0 0.0 0.0 0.0 0.0 0.0 
10.9 0.0 0.0 0.0 0.0 0.0 0.0 0.0 0.0 0.0 
11.0 0.0 0.0 0.0 0.0 0.0 0.0 0.0 0.0 0.0 
11.100000000000001 0.0 0.0 0.0 0.0 0.0 0.0 0.0 0.0 0.0 
11.200000000000001 0.0 0.0 0.0 0.0 0.0 0.0 0.0 0.0 0.0 
11.3 0.0 0.0 0.0 0.0 0.0 0.0 0.0 0.0 0.0 
11.4 0.0 0.0 0.0 0.0 0.0 0.0 0.0 0.0 0.0 
11.5 0.0 0.0 0.0 0.0 0.0 0.0 0.0 0.0 0.0 
11.600000000000001 0.0 0.0 0.0 0.0 0.0 0.0 0.0 0.0 0.0 
11.700000000000001 0.0 0.0 0.0 0.0 0.0 0.0 0.0 0.0 0.0 
11.8 0.0 0.0 0.0 0.0 0.0 0.0 0.0 0.0 0.0 
11.9 0.0 0.0 0.0 0.0 0.0 0.0 0.0 0.0 0.0 
12.0 0.0 0.0 0.0 0.0 0.0 0.0 0.0 0.0 0.0 
12.100000000000001 0.0 0.0 0.0 0.0 0.0 0.0 0.0 0.0 0.0 
12.200000000000001 0.0 0.0 0.0 0.0 0.0 0.0 0.0 0.0 0.0 
12.3 0.0 0.0 0.0 0.0 0.0 0.0 0.0 0.0 0.0 
12.4 0.0 0.0 0.0 0.0 0.0 0.0 0.0 0.0 0.0 
12.5 0.0 0.0 0.0 0.0 0.0 0.0 0.0 0.0 0.0 
12.600000000000001 0.0 0.0 0.0 0.0 0.0 0.0 0.0 0.0 0.0 
12.700000000000001 0.0 0.0 0.0 0.0 0.0 0.0 0.0 0.0 0.0 
12.8 0.0 0.0 0.0 0.0 0.0 0.0 0.0 0.0 0.0 
12.9 0.0 0.0 0.0 0.0 0.0 0.0 0.0 0.0 0.0 
13.0 0.0 0.0 0.0 0.0 0.0 0.0 0.0 0.0 0.0 
13.100000000000001 0.0 0.0 0.0 0.0 0.0 0.0 0.0 0.0 0.0 
13.200000000000001 0.0 0.0 0.0 0.0 0.0 0.0 0.0 0.0 0.0 
13.3 0.0 0.0 0.0 0.0 0.0 0.0 0.0 0.0 0.0 
13.4 0.0 0.0 0.0 0.0 0.0 0.0 0.0 0.0 0.0 
13.5 0.0 0.0 0.0 0.0 0.0 0.0 0.0 0.0 0.0 
13.600000000000001 0.0 0.0 0.0 0.0 0.0 0.0 0.0 0.0 0.0 
13.700000000000001 0.0 0.0 0.0 0.0 0.0 0.0 0.0 0.0 0.0 
13.8 0.0 0.0 0.0 0.0 0.0 0.0 0.0 0.0 0.0 
13.9 0.0 0.0 0.0 0.0 0.0 0.0 0.0 0.0 0.0 
14.0 0.0 0.0 0.0 0.0 0.0 0.0 0.0 0.0 0.0 
14.100000000000001 0.0 0.0 0.0 0.0 0.0 0.0 0.0 0.0 0.0 
14.200000000000001 0.0 0.0 0.0 0.0 0.0 0.0 0.0 0.0 0.0 
14.3 0.0 0.0 0.0 0.0 0.0 0.0 0.0 0.0 0.0 
14.4 0.0 0.0 0.0 0.0 0.0 0.0 0.0 0.0 0.0 
14.5 0.0 0.0 0.0 0.0 0.0 0.0 0.0 0.0 0.0 
14.600000000000001 0.0 0.0 0.0 0.0 0.0 0.0 0.0 0.0 0.0 
14.700000000000001 0.0 0.0 0.0 0.0 0.0 0.0 0.0 0.0 0.0 
14.8 0.0 0.0 0.0 0.0 0.0 0.0 0.0 0.0 0.0 
14.9 0.0 0.0 0.0 0.0 0.0 0.0 0.0 0.0 0.0 
15.0 0.0 0.0 0.0 0.0 0.0 0.0 0.0 0.0 0.0 
15.100000000000001 0.0 0.0 0.0 0.0 0.0 0.0 0.0 0.0 0.0 
15.200000000000001 0.0 0.0 0.0 0.0 0.0 0.0 0.0 0.0 0.0 
15.3 0.0 0.0 0.0 0.0 0.0 0.0 0.0 0.0 0.0 
15.4 0.0 0.0 0.0 0.0 0.0 0.0 0.0 0.0 0.0 
15.5 0.0 0.0 0.0 0.0 0.0 0.0 0.0 0.0 0.0 
15.600000000000001 0.0 0.0 0.0 0.0 0.0 0.0 0.0 0.0 0.0 
15.700000000000001 0.0 0.0 0.0 0.0 0.0 0.0 0.0 0.0 0.0 
15.8 0.0 0.0 0.0 0.0 0.0 0.0 0.0 0.0 0.0 
15.9 0.0 0.0 0.0 0.0 0.0 0.0 0.0 0.0 0.0 
16.0 0.0 0.0 0.0 0.0 0.0 0.0 0.0 0.0 0.0 
16.1 0.0 0.0 0.0 0.0 0.0 0.0 0.0 0.0 0.0 
16.2 0.0 0.0 0.0 0.0 0.0 0.0 0.0 0.0 0.0 
16.3 0.0 0.0 0.0 0.0 0.0 0.0 0.0 0.0 0.0 
16.400000000000002 0.0 0.0 0.0 0.0 0.0 0.0 0.0 0.0 0.0 
16.5 0.0 0.0 0.0 0.0 0.0 0.0 0.0 0.0 0.0 
16.6 0.0 0.0 0.0 0.0 0.0 0.0 0.0 0.0 0.0 
16.7 0.0 0.0 0.0 0.0 0.0 0.0 0.0 0.0 0.0 
16.8 0.0 0.0 0.0 0.0 0.0 0.0 0.0 0.0 0.0 
16.900000000000002 0.0 0.0 0.0 0.0 0.0 0.0 0.0 0.0 0.0 
17.0 0.0 0.0 0.0 0.0 0.0 0.0 0.0 0.0 0.0 
17.1 0.0 0.0 0.0 0.0 0.0 0.0 0.0 0.0 0.0 
17.2 0.0 0.0 0.0 0.0 0.0 0.0 0.0 0.0 0.0 
17.3 0.0 0.0 0.0 0.0 0.0 0.0 0.0 0.0 0.0 
17.400000000000002 0.0 0.0 0.0 0.0 0.0 0.0 0.0 0.0 0.0 
17.5 0.0 0.0 0.0 0.0 0.0 0.0 0.0 0.0 0.0 
17.6 0.0 0.0 0.0 0.0 0.0 0.0 0.0 0.0 0.0 
17.7 0.0 0.0 0.0 0.0 0.0 0.0 0.0 0.0 0.0 
17.8 0.0 0.0 0.0 0.0 0.0 0.0 0.0 0.0 0.0 
17.900000000000002 0.0 0.0 0.0 0.0 0.0 0.0 0.0 0.0 0.0 
18.0 0.0 0.0 0.0 0.0 0.0 0.0 0.0 0.0 0.0 
18.1 0.0 0.0 0.0 0.0 0.0 0.0 0.0 0.0 0.0 
18.2 0.0 0.0 0.0 0.0 0.0 0.0 0.0 0.0 0.0 
18.3 0.0 0.0 0.0 0.0 0.0 0.0 0.0 0.0 0.0 
18.400000000000002 0.0 0.0 0.0 0.0 0.0 0.0 0.0 0.0 0.0 
18.5 0.0 0.0 0.0 0.0 0.0 0.0 0.0 0.0 0.0 
18.6 0.0 0.0 0.0 0.0 0.0 0.0 0.0 0.0 0.0 
18.7 0.0 0.0 0.0 0.0 0.0 0.0 0.0 0.0 0.0 
18.8 0.0 0.0 0.0 0.0 0.0 0.0 0.0 0.0 0.0 
18.900000000000002 0.0 0.0 0.0 0.0 0.0 0.0 0.0 0.0 0.0 
19.0 0.0 0.0 0.0 0.0 0.0 0.0 0.0 0.0 0.0 
19.1 0.0 0.0 0.0 0.0 0.0 0.0 0.0 0.0 0.0 
19.200000000000003 0.0 0.0 0.0 0.0 0.0 0.0 0.0 0.0 0.0 
19.3 0.0 0.0 0.0 0.0 0.0 0.0 0.0 0.0 0.0 
19.400000000000002 0.0 0.0 0.0 0.0 0.0 0.0 0.0 0.0 0.0 
19.5 0.0 0.0 0.0 0.0 0.0 0.0 0.0 0.0 0.0 
19.6 0.0 0.0 0.0 0.0 0.0 0.0 0.0 0.0 0.0 
19.700000000000003 0.0 0.0 0.0 0.0 0.0 0.0 0.0 0.0 0.0 
19.8 0.0 0.0 0.0 0.0 0.0 0.0 0.0 0.0 0.0 
19.900000000000002 0.0 0.0 0.0 0.0 0.0 0.0 0.0 0.0 0.0 
20.0 0.0 0.0 0.0 0.0 0.0 0.0 0.0 0.0 0.0 
20.1 0.0 0.0 0.0 0.0 0.0 0.0 0.0 0.0 0.0 
20.200000000000003 0.0 0.0 0.0 0.0 0.0 0.0 0.0 0.0 0.0 
20.3 0.0 0.0 0.0 0.0 0.0 0.0 0.0 0.0 0.0 
20.400000000000002 0.0 0.0 0.0 0.0 0.0 0.0 0.0 0.0 0.0 
20.5 0.0 0.0 0.0 0.0 0.0 0.0 0.0 0.0 0.0 
20.6 0.0 0.0 0.0 0.0 0.0 0.0 0.0 0.0 0.0 
20.700000000000003 0.0 0.0 0.0 0.0 0.0 0.0 0.0 0.0 0.0 
20.8 0.0 0.0 0.0 0.0 0.0 0.0 0.0 0.0 0.0 
20.900000000000002 0.0 0.0 0.0 0.0 0.0 0.0 0.0 0.0 0.0 
21.0 0.0 0.0 0.0 0.0 0.0 0.0 0.0 0.0 0.0 
21.1 0.0 0.0 0.0 0.0 0.0 0.0 0.0 0.0 0.0 
21.200000000000003 0.0 0.0 0.0 0.0 0.0 0.0 0.0 0.0 0.0 
21.3 0.0 0.0 0.0 0.0 0.0 0.0 0.0 0.0 0.0 
21.400000000000002 0.0 0.0 0.0 0.0 0.0 0.0 0.0 0.0 0.0 
21.5 0.0 0.0 0.0 0.0 0.0 0.0 0.0 0.0 0.0 
21.6 0.0 0.0 0.0 0.0 0.0 0.0 0.0 0.0 0.0 
21.700000000000003 0.0 0.0 0.0 0.0 0.0 0.0 0.0 0.0 0.0 
21.8 0.0 0.0 0.0 0.0 0.0 0.0 0.0 0.0 0.0 
21.900000000000002 0.0 0.0 0.0 0.0 0.0 0.0 0.0 0.0 0.0 
22.0 0.0 0.0 0.0 0.0 0.0 0.0 0.0 0.0 0.0 
22.1 0.0 0.0 0.0 0.0 0.0 0.0 0.0 0.0 0.0 
22.200000000000003 0.0 0.0 0.0 0.0 0.0 0.0 0.0 0.0 0.0 
22.3 0.0 0.0 0.0 0.0 0.0 0.0 0.0 0.0 0.0 
22.400000000000002 0.0 0.0 0.0 0.0 0.0 0.0 0.0 0.0 0.0 
22.5 0.0 0.0 0.0 0.0 0.0 0.0 0.0 0.0 0.0 
22.6 0.0 0.0 0.0 0.0 0.0 0.0 0.0 0.0 0.0 
22.700000000000003 0.0 0.0 0.0 0.0 0.0 0.0 0.0 0.0 0.0 
22.8 0.0 0.0 0.0 0.0 0.0 0.0 0.0 0.0 0.0 
22.900000000000002 0.0 0.0 0.0 0.0 0.0 0.0 0.0 0.0 0.0 
23.0 0.0 0.0 0.0 0.0 0.0 0.0 0.0 0.0 0.0 
23.1 0.0 0.0 0.0 0.0 0.0 0.0 0.0 0.0 0.0 
23.200000000000003 0.0 0.0 0.0 0.0 0.0 0.0 0.0 0.0 0.0 
23.3 0.0 0.0 0.0 0.0 0.0 0.0 0.0 0.0 0.0 
23.400000000000002 0.0 0.0 0.0 0.0 0.0 0.0 0.0 0.0 0.0 
23.5 0.0 0.0 0.0 0.0 0.0 0.0 0.0 0.0 0.0 
23.6 0.0 0.0 0.0 0.0 0.0 0.0 0.0 0.0 0.0 
23.700000000000003 0.0 0.0 0.0 0.0 0.0 0.0 0.0 0.0 0.0 
23.8 0.0 0.0 0.0 0.0 0.0 0.0 0.0 0.0 0.0 
23.900000000000002 0.0 0.0 0.0 0.0 0.0 0.0 0.0 0.0 0.0 
24.0 0.0 0.0 0.0 0.0 0.0 0.0 0.0 0.0 0.0 
24.1 0.0 0.0 0.0 0.0 0.0 0.0 0.0 0.0 0.0 
24.200000000000003 0.0 0.0 0.0 0.0 0.0 0.0 0.0 0.0 0.0 
24.3 0.0 0.0 0.0 0.0 0.0 0.0 0.0 0.0 0.0 
24.400000000000002 0.0 0.0 0.0 0.0 0.0 0.0 0.0 0.0 0.0 
24.5 0.0 0.0 0.0 0.0 0.0 0.0 0.0 0.0 0.0 
24.6 0.0 0.0 0.0 0.0 0.0 0.0 0.0 0.0 0.0 
24.700000000000003 0.0 0.0 0.0 0.0 0.0 0.0 0.0 0.0 0.0 
24.8 0.0 0.0 0.0 0.0 0.0 0.0 0.0 0.0 0.0 
24.900000000000002 0.0 0.0 0.0 0.0 0.0 0.0 0.0 0.0 0.0 
25.0 0.0 0.0 0.0 0.0 0.0 0.0 0.0 0.0 0.0 
25.1 0.0 0.0 0.0 0.0 0.0 0.0 0.0 0.0 0.0 
25.200000000000003 0.0 0.0 0.0 0.0 0.0 0.0 0.0 0.0 0.0 
25.3 0.0 0.0 0.0 0.0 0.0 0.0 0.0 0.0 0.0 
25.400000000000002 0.0 0.0 0.0 0.0 0.0 0.0 0.0 0.0 0.0 
25.5 0.0 0.0 0.0 0.0 0.0 0.0 0.0 0.0 0.0 
25.6 0.0 0.0 0.0 0.0 0.0 0.0 0.0 0.0 0.0 
25.700000000000003 0.0 0.0 0.0 0.0 0.0 0.0 0.0 0.0 0.0 
25.8 0.0 0.0 0.0 0.0 0.0 0.0 0.0 0.0 0.0 
25.900000000000002 0.0 0.0 0.0 0.0 0.0 0.0 0.0 0.0 0.0 
26.0 0.0 0.0 0.0 0.0 0.0 0.0 0.0 0.0 0.0 
26.1 0.0 0.0 0.0 0.0 0.0 0.0 0.0 0.0 0.0 
26.200000000000003 0.0 0.0 0.0 0.0 0.0 0.0 0.0 0.0 0.0 
26.3 0.0 0.0 0.0 0.0 0.0 0.0 0.0 0.0 0.0 
26.400000000000002 0.0 0.0 0.0 0.0 0.0 0.0 0.0 0.0 0.0 
26.5 0.0 0.0 0.0 0.0 0.0 0.0 0.0 0.0 0.0 
26.6 0.0 0.0 0.0 0.0 0.0 0.0 0.0 0.0 0.0 
26.700000000000003 0.0 0.0 0.0 0.0 0.0 0.0 0.0 0.0 0.0 
26.8 0.0 0.0 0.0 0.0 0.0 0.0 0.0 0.0 0.0 
26.900000000000002 0.0 0.0 0.0 0.0 0.0 0.0 0.0 0.0 0.0 
27.0 0.0 0.0 0.0 0.0 0.0 0.0 0.0 0.0 0.0 
27.1 0.0 0.0 0.0 0.0 0.0 0.0 0.0 0.0 0.0 
27.200000000000003 0.0 0.0 0.0 0.0 0.0 0.0 0.0 0.0 0.0 
27.3 0.0 0.0 0.0 0.0 0.0 0.0 0.0 0.0 0.0 
27.400000000000002 0.0 0.0 0.0 0.0 0.0 0.0 0.0 0.0 0.0 
27.5 0.0 0.0 0.0 0.0 0.0 0.0 0.0 0.0 0.0 
27.6 0.0 0.0 0.0 0.0 0.0 0.0 0.0 0.0 0.0 
27.700000000000003 0.0 0.0 0.0 0.0 0.0 0.0 0.0 0.0 0.0 
27.8 0.0 0.0 0.0 0.0 0.0 0.0 0.0 0.0 0.0 
27.900000000000002 0.0 0.0 0.0 0.0 0.0 0.0 0.0 0.0 0.0 
28.0 0.0 0.0 0.0 0.0 0.0 0.0 0.0 0.0 0.0 
28.1 0.0 0.0 0.0 0.0 0.0 0.0 0.0 0.0 0.0 
28.200000000000003 0.0 0.0 0.0 0.0 0.0 0.0 0.0 0.0 0.0 
28.3 0.0 0.0 0.0 0.0 0.0 0.0 0.0 0.0 0.0 
28.400000000000002 0.0 0.0 0.0 0.0 0.0 0.0 0.0 0.0 0.0 
28.5 0.0 0.0 0.0 0.0 0.0 0.0 0.0 0.0 0.0 
28.6 0.0 0.0 0.0 0.0 0.0 0.0 0.0 0.0 0.0 
28.700000000000003 0.0 0.0 0.0 0.0 0.0 0.0 0.0 0.0 0.0 
28.8 0.0 0.0 0.0 0.0 0.0 0.0 0.0 0.0 0.0 
28.900000000000002 0.0 0.0 0.0 0.0 0.0 0.0 0.0 0.0 0.0 
29.0 0.0 0.0 0.0 0.0 0.0 0.0 0.0 0.0 0.0 
29.1 0.0 0.0 0.0 0.0 0.0 0.0 0.0 0.0 0.0 
29.200000000000003 0.0 0.0 0.0 0.0 0.0 0.0 0.0 0.0 0.0 
29.3 0.0 0.0 0.0 0.0 0.0 0.0 0.0 0.0 0.0 
29.400000000000002 0.0 0.0 0.0 0.0 0.0 0.0 0.0 0.0 0.0 
29.5 0.0 0.0 0.0 0.0 0.0 0.0 0.0 0.0 0.0 
29.6 0.0 0.0 0.0 0.0 0.0 0.0 0.0 0.0 0.0 
29.700000000000003 0.0 0.0 0.0 0.0 0.0 0.0 0.0 0.0 0.0 
29.8 0.0 0.0 0.0 0.0 0.0 0.0 0.0 0.0 0.0 
29.900000000000002 0.0 0.0 0.0 0.0 0.0 0.0 0.0 0.0 0.0 
30.0 0.0 0.0 0.0 0.0 0.0 0.0 0.0 0.0 0.0 
30.1 0.0 0.0 0.0 0.0 0.0 0.0 0.0 0.0 0.0 
30.200000000000003 0.0 0.0 0.0 0.0 0.0 0.0 0.0 0.0 0.0 
30.3 0.0 0.0 0.0 0.0 0.0 0.0 0.0 0.0 0.0 
30.400000000000002 0.0 0.0 0.0 0.0 0.0 0.0 0.0 0.0 0.0 
30.5 0.0 0.0 0.0 0.0 0.0 0.0 0.0 0.0 0.0 
30.6 0.0 0.0 0.0 0.0 0.0 0.0 0.0 0.0 0.0 
30.700000000000003 0.0 0.0 0.0 0.0 0.0 0.0 0.0 0.0 0.0 
30.8 0.0 0.0 0.0 0.0 0.0 0.0 0.0 0.0 0.0 
30.900000000000002 0.0 0.0 0.0 0.0 0.0 0.0 0.0 0.0 0.0 
31.0 0.0 0.0 0.0 0.0 0.0 0.0 0.0 0.0 0.0 
31.1 0.0 0.0 0.0 0.0 0.0 0.0 0.0 0.0 0.0 
31.200000000000003 0.0 0.0 0.0 0.0 0.0 0.0 0.0 0.0 0.0 
31.3 0.0 0.0 0.0 0.0 0.0 0.0 0.0 0.0 0.0 
31.400000000000002 0.0 0.0 0.0 0.0 0.0 0.0 0.0 0.0 0.0 
31.5 0.0 0.0 0.0 0.0 0.0 0.0 0.0 0.0 0.0 
31.6 0.0 0.0 0.0 0.0 0.0 0.0 0.0 0.0 0.0 
31.700000000000003 0.0 0.0 0.0 0.0 0.0 0.0 0.0 0.0 0.0 
31.8 0.0 0.0 0.0 0.0 0.0 0.0 0.0 0.0 0.0 
31.900000000000002 0.0 0.0 0.0 0.0 0.0 0.0 0.0 0.0 0.0 
32.0 0.0 0.0 0.0 0.0 0.0 0.0 0.0 0.0 0.0 
32.1 0.0 0.0 0.0 0.0 0.0 0.0 0.0 0.0 0.0 
32.2 0.0 0.0 0.0 0.0 0.0 0.0 0.0 0.0 0.0 
32.300000000000004 0.0 0.0 0.0 0.0 0.0 0.0 0.0 0.0 0.0 
32.4 0.0 0.0 0.0 0.0 0.0 0.0 0.0 0.0 0.0 
32.5 0.0 0.0 0.0 0.0 0.0 0.0 0.0 0.0 0.0 
32.6 0.0 0.0 0.0 0.0 0.0 0.0 0.0 0.0 0.0 
32.7 0.0 0.0 0.0 0.0 0.0 0.0 0.0 0.0 0.0 
32.800000000000004 0.0 0.0 0.0 0.0 0.0 0.0 0.0 0.0 0.0 
32.9 0.0 0.0 0.0 0.0 0.0 0.0 0.0 0.0 0.0 
33.0 0.0 0.0 0.0 0.0 0.0 0.0 0.0 0.0 0.0 
33.1 0.0 0.0 0.0 0.0 0.0 0.0 0.0 0.0 0.0 
33.2 0.0 0.0 0.0 0.0 0.0 0.0 0.0 0.0 0.0 
33.300000000000004 0.0 0.0 0.0 0.0 0.0 0.0 0.0 0.0 0.0 
33.4 0.0 0.0 0.0 0.0 0.0 0.0 0.0 0.0 0.0 
33.5 0.0 0.0 0.0 0.0 0.0 0.0 0.0 0.0 0.0 
33.6 0.0 0.0 0.0 0.0 0.0 0.0 0.0 0.0 0.0 
33.7 0.0 0.0 0.0 0.0 0.0 0.0 0.0 0.0 0.0 
33.800000000000004 0.0 0.0 0.0 0.0 0.0 0.0 0.0 0.0 0.0 
33.9 0.0 0.0 0.0 0.0 0.0 0.0 0.0 0.0 0.0 
34.0 0.0 0.0 0.0 0.0 0.0 0.0 0.0 0.0 0.0 
34.1 0.0 0.0 0.0 0.0 0.0 0.0 0.0 0.0 0.0 
34.2 0.0 0.0 0.0 0.0 0.0 0.0 0.0 0.0 0.0 
34.300000000000004 0.0 0.0 0.0 0.0 0.0 0.0 0.0 0.0 0.0 
34.4 0.0 0.0 0.0 0.0 0.0 0.0 0.0 0.0 0.0 
34.5 0.0 0.0 0.0 0.0 0.0 0.0 0.0 0.0 0.0 
34.6 0.0 0.0 0.0 0.0 0.0 0.0 0.0 0.0 0.0 
34.7 0.0 0.0 0.0 0.0 0.0 0.0 0.0 0.0 0.0 
34.800000000000004 0.0 0.0 0.0 0.0 0.0 0.0 0.0 0.0 0.0 
34.9 0.0 0.0 0.0 0.0 0.0 0.0 0.0 0.0 0.0 
35.0 0.0 0.0 0.0 0.0 0.0 0.0 0.0 0.0 0.0 
35.1 0.0 0.0 0.0 0.0 0.0 0.0 0.0 0.0 0.0 
35.2 0.0 0.0 0.0 0.0 0.0 0.0 0.0 0.0 0.0 
35.300000000000004 0.0 0.0 0.0 0.0 0.0 0.0 0.0 0.0 0.0 
35.4 0.0 0.0 0.0 0.0 0.0 0.0 0.0 0.0 0.0 
35.5 0.0 0.0 0.0 0.0 0.0 0.0 0.0 0.0 0.0 
35.6 0.0 0.0 0.0 0.0 0.0 0.0 0.0 0.0 0.0 
35.7 0.0 0.0 0.0 0.0 0.0 0.0 0.0 0.0 0.0 
35.800000000000004 0.0 0.0 0.0 0.0 0.0 0.0 0.0 0.0 0.0 
35.9 0.0 0.0 0.0 0.0 0.0 0.0 0.0 0.0 0.0 
36.0 0.0 0.0 0.0 0.0 0.0 0.0 0.0 0.0 0.0 
36.1 0.0 0.0 0.0 0.0 0.0 0.0 0.0 0.0 0.0 
36.2 0.0 0.0 0.0 0.0 0.0 0.0 0.0 0.0 0.0 
36.300000000000004 0.0 0.0 0.0 0.0 0.0 0.0 0.0 0.0 0.0 
36.4 0.0 0.0 0.0 0.0 0.0 0.0 0.0 0.0 0.0 
36.5 0.0 0.0 0.0 0.0 0.0 0.0 0.0 0.0 0.0 
36.6 0.0 0.0 0.0 0.0 0.0 0.0 0.0 0.0 0.0 
36.7 0.0 0.0 0.0 0.0 0.0 0.0 0.0 0.0 0.0 
36.800000000000004 0.0 0.0 0.0 0.0 0.0 0.0 0.0 0.0 0.0 
36.9 0.0 0.0 0.0 0.0 0.0 0.0 0.0 0.0 0.0 
37.0 0.0 0.0 0.0 0.0 0.0 0.0 0.0 0.0 0.0 
37.1 0.0 0.0 0.0 0.0 0.0 0.0 0.0 0.0 0.0 
37.2 0.0 0.0 0.0 0.0 0.0 0.0 0.0 0.0 0.0 
37.300000000000004 0.0 0.0 0.0 0.0 0.0 0.0 0.0 0.0 0.0 
37.4 0.0 0.0 0.0 0.0 0.0 0.0 0.0 0.0 0.0 
37.5 0.0 0.0 0.0 0.0 0.0 0.0 0.0 0.0 0.0 
37.6 0.0 0.0 0.0 0.0 0.0 0.0 0.0 0.0 0.0 
37.7 0.0 0.0 0.0 0.0 0.0 0.0 0.0 0.0 0.0 
37.800000000000004 0.0 0.0 0.0 0.0 0.0 0.0 0.0 0.0 0.0 
37.9 0.0 0.0 0.0 0.0 0.0 0.0 0.0 0.0 0.0 
38.0 0.0 0.0 0.0 0.0 0.0 0.0 0.0 0.0 0.0 
38.1 0.0 0.0 0.0 0.0 0.0 0.0 0.0 0.0 0.0 
38.2 0.0 0.0 0.0 0.0 0.0 0.0 0.0 0.0 0.0 
38.300000000000004 0.0 0.0 0.0 0.0 0.0 0.0 0.0 0.0 0.0 
38.400000000000006 0.0 0.0 0.0 0.0 0.0 0.0 0.0 0.0 0.0 
38.5 0.0 0.0 0.0 0.0 0.0 0.0 0.0 0.0 0.0 
38.6 0.0 0.0 0.0 0.0 0.0 0.0 0.0 0.0 0.0 
38.7 0.0 0.0 0.0 0.0 0.0 0.0 0.0 0.0 0.0 
38.800000000000004 0.0 0.0 0.0 0.0 0.0 0.0 0.0 0.0 0.0 
38.900000000000006 0.0 0.0 0.0 0.0 0.0 0.0 0.0 0.0 0.0 
39.0 0.0 0.0 0.0 0.0 0.0 0.0 0.0 0.0 0.0 
39.1 0.0 0.0 0.0 0.0 0.0 0.0 0.0 0.0 0.0 
39.2 0.0 0.0 0.0 0.0 0.0 0.0 0.0 0.0 0.0 
39.300000000000004 0.0 0.0 0.0 0.0 0.0 0.0 0.0 0.0 0.0 
39.400000000000006 0.0 0.0 0.0 0.0 0.0 0.0 0.0 0.0 0.0 
39.5 0.0 0.0 0.0 0.0 0.0 0.0 0.0 0.0 0.0 
39.6 0.0 0.0 0.0 0.0 0.0 0.0 0.0 0.0 0.0 
39.7 0.0 0.0 0.0 0.0 0.0 0.0 0.0 0.0 0.0 
39.800000000000004 0.0 0.0 0.0 0.0 0.0 0.0 0.0 0.0 0.0 
39.900000000000006 0.0 0.0 0.0 0.0 0.0 0.0 0.0 0.0 0.0 
40.0 0.0 0.0 0.0 0.0 0.0 0.0 0.0 0.0 0.0 
40.1 0.0 0.0 0.0 0.0 0.0 0.0 0.0 0.0 0.0 
40.2 0.0 0.0 0.0 0.0 0.0 0.0 0.0 0.0 0.0 
40.300000000000004 0.0 0.0 0.0 0.0 0.0 0.0 0.0 0.0 0.0 
40.400000000000006 0.0 0.0 0.0 0.0 0.0 0.0 0.0 0.0 0.0 
40.5 0.0 0.0 0.0 0.0 0.0 0.0 0.0 0.0 0.0 
40.6 0.0 0.0 0.0 0.0 0.0 0.0 0.0 0.0 0.0 
40.7 0.0 0.0 0.0 0.0 0.0 0.0 0.0 0.0 0.0 
40.800000000000004 0.0 0.0 0.0 0.0 0.0 0.0 0.0 0.0 0.0 
40.900000000000006 0.0 0.0 0.0 0.0 0.0 0.0 0.0 0.0 0.0 
41.0 0.0 0.0 0.0 0.0 0.0 0.0 0.0 0.0 0.0 
41.1 0.0 0.0 0.0 0.0 0.0 0.0 0.0 0.0 0.0 
41.2 0.0 0.0 0.0 0.0 0.0 0.0 0.0 0.0 0.0 
41.300000000000004 0.0 0.0 0.0 0.0 0.0 0.0 0.0 0.0 0.0 
41.400000000000006 0.0 0.0 0.0 0.0 0.0 0.0 0.0 0.0 0.0 
41.5 0.0 0.0 0.0 0.0 0.0 0.0 0.0 0.0 0.0 
41.6 0.0 0.0 0.0 0.0 0.0 0.0 0.0 0.0 0.0 
41.7 0.0 0.0 0.0 0.0 0.0 0.0 0.0 0.0 0.0 
41.800000000000004 0.0 0.0 0.0 0.0 0.0 0.0 0.0 0.0 0.0 
41.900000000000006 0.0 0.0 0.0 0.0 0.0 0.0 0.0 0.0 0.0 
42.0 0.0 0.0 0.0 0.0 0.0 0.0 0.0 0.0 0.0 
42.1 0.0 0.0 0.0 0.0 0.0 0.0 0.0 0.0 0.0 
42.2 0.0 0.0 0.0 0.0 0.0 0.0 0.0 0.0 0.0 
42.300000000000004 0.0 0.0 0.0 0.0 0.0 0.0 0.0 0.0 0.0 
42.400000000000006 0.0 0.0 0.0 0.0 0.0 0.0 0.0 0.0 0.0 
42.5 0.0 0.0 0.0 0.0 0.0 0.0 0.0 0.0 0.0 
42.6 0.0 0.0 0.0 0.0 0.0 0.0 0.0 0.0 0.0 
42.7 0.0 0.0 0.0 0.0 0.0 0.0 0.0 0.0 0.0 
42.800000000000004 0.0 0.0 0.0 0.0 0.0 0.0 0.0 0.0 0.0 
42.900000000000006 0.0 0.0 0.0 0.0 0.0 0.0 0.0 0.0 0.0 
43.0 0.0 0.0 0.0 0.0 0.0 0.0 0.0 0.0 0.0 
43.1 0.0 0.0 0.0 0.0 0.0 0.0 0.0 0.0 0.0 
43.2 0.0 0.0 0.0 0.0 0.0 0.0 0.0 0.0 0.0 
43.300000000000004 0.0 0.0 0.0 0.0 0.0 0.0 0.0 0.0 0.0 
43.400000000000006 0.0 0.0 0.0 0.0 0.0 0.0 0.0 0.0 0.0 
43.5 0.0 0.0 0.0 0.0 0.0 0.0 0.0 0.0 0.0 
43.6 0.0 0.0 0.0 0.0 0.0 0.0 0.0 0.0 0.0 
43.7 0.0 0.0 0.0 0.0 0.0 0.0 0.0 0.0 0.0 
43.800000000000004 0.0 0.0 0.0 0.0 0.0 0.0 0.0 0.0 0.0 
43.900000000000006 0.0 0.0 0.0 0.0 0.0 0.0 0.0 0.0 0.0 
44.0 0.0 0.0 0.0 0.0 0.0 0.0 0.0 0.0 0.0 
44.1 0.0 0.0 0.0 0.0 0.0 0.0 0.0 0.0 0.0 
44.2 0.0 0.0 0.0 0.0 0.0 0.0 0.0 0.0 0.0 
44.300000000000004 0.0 0.0 0.0 0.0 0.0 0.0 0.0 0.0 0.0 
44.400000000000006 0.0 0.0 0.0 0.0 0.0 0.0 0.0 0.0 0.0 
44.5 0.0 0.0 0.0 0.0 0.0 0.0 0.0 0.0 0.0 
44.6 0.0 0.0 0.0 0.0 0.0 0.0 0.0 0.0 0.0 
44.7 0.0 0.0 0.0 0.0 0.0 0.0 0.0 0.0 0.0 
44.800000000000004 0.0 0.0 0.0 0.0 0.0 0.0 0.0 0.0 0.0 
44.900000000000006 0.0 0.0 0.0 0.0 0.0 0.0 0.0 0.0 0.0 
45.0 0.0 0.0 0.0 0.0 0.0 0.0 0.0 0.0 0.0 
45.1 0.0 0.0 0.0 0.0 0.0 0.0 0.0 0.0 0.0 
45.2 0.0 0.0 0.0 0.0 0.0 0.0 0.0 0.0 0.0 
45.300000000000004 0.0 0.0 0.0 0.0 0.0 0.0 0.0 0.0 0.0 
45.400000000000006 0.0 0.0 0.0 0.0 0.0 0.0 0.0 0.0 0.0 
45.5 0.0 0.0 0.0 0.0 0.0 0.0 0.0 0.0 0.0 
45.6 0.0 0.0 0.0 0.0 0.0 0.0 0.0 0.0 0.0 
45.7 0.0 0.0 0.0 0.0 0.0 0.0 0.0 0.0 0.0 
45.800000000000004 0.0 0.0 0.0 0.0 0.0 0.0 0.0 0.0 0.0 
45.900000000000006 0.0 0.0 0.0 0.0 0.0 0.0 0.0 0.0 0.0 
46.0 0.0 0.0 0.0 0.0 0.0 0.0 0.0 0.0 0.0 
46.1 0.0 0.0 0.0 0.0 0.0 0.0 0.0 0.0 0.0 
46.2 0.0 0.0 0.0 0.0 0.0 0.0 0.0 0.0 0.0 
46.300000000000004 0.0 0.0 0.0 0.0 0.0 0.0 0.0 0.0 0.0 
46.400000000000006 0.0 0.0 0.0 0.0 0.0 0.0 0.0 0.0 0.0 
46.5 0.0 0.0 0.0 0.0 0.0 0.0 0.0 0.0 0.0 
46.6 0.0 0.0 0.0 0.0 0.0 0.0 0.0 0.0 0.0 
46.7 0.0 0.0 0.0 0.0 0.0 0.0 0.0 0.0 0.0 
46.800000000000004 0.0 0.0 0.0 0.0 0.0 0.0 0.0 0.0 0.0 
46.900000000000006 0.0 0.0 0.0 0.0 0.0 0.0 0.0 0.0 0.0 
47.0 0.0 0.0 0.0 0.0 0.0 0.0 0.0 0.0 0.0 
47.1 0.0 0.0 0.0 0.0 0.0 0.0 0.0 0.0 0.0 
47.2 0.0 0.0 0.0 0.0 0.0 0.0 0.0 0.0 0.0 
47.300000000000004 0.0 0.0 0.0 0.0 0.0 0.0 0.0 0.0 0.0 
47.400000000000006 0.0 0.0 0.0 0.0 0.0 0.0 0.0 0.0 0.0 
47.5 0.0 0.0 0.0 0.0 0.0 0.0 0.0 0.0 0.0 
47.6 0.0 0.0 0.0 0.0 0.0 0.0 0.0 0.0 0.0 
47.7 0.0 0.0 0.0 0.0 0.0 0.0 0.0 0.0 0.0 
47.800000000000004 0.0 0.0 0.0 0.0 0.0 0.0 0.0 0.0 0.0 
47.900000000000006 0.0 0.0 0.0 0.0 0.0 0.0 0.0 0.0 0.0 
48.0 0.0 0.0 0.0 0.0 0.0 0.0 0.0 0.0 0.0 
48.1 0.0 0.0 0.0 0.0 0.0 0.0 0.0 0.0 0.0 
48.2 0.0 0.0 0.0 0.0 0.0 0.0 0.0 0.0 0.0 
48.300000000000004 0.0 0.0 0.0 0.0 0.0 0.0 0.0 0.0 0.0 
48.400000000000006 0.0 0.0 0.0 0.0 0.0 0.0 0.0 0.0 0.0 
48.5 0.0 0.0 0.0 0.0 0.0 0.0 0.0 0.0 0.0 
48.6 0.0 0.0 0.0 0.0 0.0 0.0 0.0 0.0 0.0 
48.7 0.0 0.0 0.0 0.0 0.0 0.0 0.0 0.0 0.0 
48.800000000000004 0.0 0.0 0.0 0.0 0.0 0.0 0.0 0.0 0.0 
48.900000000000006 0.0 0.0 0.0 0.0 0.0 0.0 0.0 0.0 0.0 
49.0 0.0 0.0 0.0 0.0 0.0 0.0 0.0 0.0 0.0 
49.1 0.0 0.0 0.0 0.0 0.0 0.0 0.0 0.0 0.0 
49.2 0.0 0.0 0.0 0.0 0.0 0.0 0.0 0.0 0.0 
49.300000000000004 0.0 0.0 0.0 0.0 0.0 0.0 0.0 0.0 0.0 
49.400000000000006 0.0 0.0 0.0 0.0 0.0 0.0 0.0 0.0 0.0 
49.5 0.0 0.0 0.0 0.0 0.0 0.0 0.0 0.0 0.0 
49.6 0.0 0.0 0.0 0.0 0.0 0.0 0.0 0.0 0.0 
49.7 0.0 0.0 0.0 0.0 0.0 0.0 0.0 0.0 0.0 
49.800000000000004 0.0 0.0 0.0 0.0 0.0 0.0 0.0 0.0 0.0 
49.900000000000006 0.0 0.0 0.0 0.0 0.0 0.0 0.0 0.0 0.0 
50.0 0.0 0.0 0.0 0.0 0.0 0.0 0.0 0.0 0.0 
50.0 0.0 0.0 0.0 0.0 0.0 0.0 0.0 0.0 0.0 
50.10005030415142 0.0002502531496850757 0.0 0.28664531695970563 0.0 0.0 0.0 0.0 0.0 0.0 
50.20009810451246 0.0010010063360788024 0.0 0.5732906339194113 0.0 0.0 0.0 0.0 0.0 0.0 
50.30014089735542 0.0022522407713454484 0.0 0.8599359508791169 0.0 0.0 0.0 0.0 0.0 0.0 
50.40017617907789 0.004003925142948006 0.0 1.1465812678388225 0.0 0.0 0.0 0.0 0.0 0.0 
50.50020144626543 0.006256015614434229 0.0 1.4332265847985282 0.0 0.0 0.0 0.0 0.0 0.0 
50.600214195754226 0.009008455826531314 0.0 1.7198719017582338 0.0 0.0 0.0 0.0 0.0 0.0 
50.700211924693726 0.012261176898555881 0.0 2.0065172187179394 0.0 0.0 0.0 0.0 0.0 0.0 
50.80019213060927 0.016014097430137042 0.0 2.293162535677645 0.0 0.0 0.0 0.0 0.0 0.0 
50.90015231146471 0.02026712350325921 0.0 2.5798078526373507 0.0 0.0 0.0 0.0 0.0 0.0 
51.00008996572503 0.02502014868460245 0.0 2.8664531695970563 0.0 0.0 0.0 0.0 0.0 0.0 
51.10000259241897 0.030273054028215896 0.0 3.153098486556762 0.0 0.0 0.0 0.0 0.0 0.0 
51.19988769120156 0.036025708078488705 0.0 3.4397438035164676 0.0 0.0 0.0 0.0 0.0 0.0 
51.299742762416756 0.042277966873442985 0.0 3.7263891204761728 0.0 0.0 0.0 0.0 0.0 0.0 
51.39956530715994 0.04902967394832869 0.0 4.013034437435879 0.0 0.0 0.0 0.0 0.0 0.0 
51.499352827340495 0.05628066033955603 0.0 4.2996797543955845 0.0 0.0 0.0 0.0 0.0 0.0 
51.5991028257443 0.06403074458890101 0.0 4.58632507135529 0.0 0.0 0.0 0.0 0.0 0.0 
51.69881280609622 0.0722797327480662 0.0 4.872970388314996 0.0 0.0 0.0 0.0 0.0 0.0 
51.7984802731226 0.08102741838352578 0.0 5.159615705274701 0.0 0.0 0.0 0.0 0.0 0.0 
51.89810273261367 0.09027358258169027 0.0 5.446261022234408 0.0 0.0 0.0 0.0 0.0 0.0 
51.997677691486025 0.10001799395438882 0.0 5.732906339194113 0.0 0.0 0.0 0.0 0.0 0.0 
52.09720265784494 0.11026040864466014 0.0 6.019551656153818 0.0 0.0 0.0 0.0 0.0 0.0 
52.19667514104679 0.12100057033284539 0.0 6.306196973113524 0.0 0.0 0.0 0.0 0.0 0.0 
52.29609265176135 0.13223821024301863 0.0 6.5928422900732295 0.0 0.0 0.0 0.0 0.0 0.0 
52.3954527020341 0.14397304714970138 0.0 6.879487607032935 0.0 0.0 0.0 0.0 0.0 0.0 
52.4947528053485 0.15620478738490373 0.0 7.166132923992641 0.0 0.0 0.0 0.0 0.0 0.0 
52.59399047668816 0.16893312484547396 0.0 7.4527782409523455 0.0 0.0 0.0 0.0 0.0 0.0 
52.69316323259913 0.18215774100075688 0.0 7.739423557912053 0.0 0.0 0.0 0.0 0.0 0.0 
52.79226859125194 0.19587830490056968 0.0 8.026068874871758 0.0 0.0 0.0 0.0 0.0 0.0 
52.89130407250377 0.21009447318347974 0.0 8.312714191831464 0.0 0.0 0.0 0.0 0.0 0.0 
52.99026719796053 0.22480589008539553 0.0 8.599359508791169 0.0 0.0 0.0 0.0 0.0 0.0 
53.08915549103881 0.24001218744847508 0.0 8.886004825750875 0.0 0.0 0.0 0.0 0.0 0.0 
53.18796647702794 0.25571298473034076 0.0 9.17265014271058 0.0 0.0 0.0 0.0 0.0 0.0 
53.28669768315187 0.271907889013594 0.0 9.459295459670287 0.0 0.0 0.0 0.0 0.0 0.0 
53.38534663863108 0.28859649501565166 0.0 9.745940776629991 0.0 0.0 0.0 0.0 0.0 0.0 
53.483910874744375 0.305778385098896 0.0 10.032586093589696 0.0 0.0 0.0 0.0 0.0 0.0 
53.58238792489071 0.3234531292811127 0.0 10.319231410549403 0.0 0.0 0.0 0.0 0.0 0.0 
53.68077532465089 0.34162028524626464 0.0 10.605876727509107 0.0 0.0 0.0 0.0 0.0 0.0 
53.779070611849235 0.3602793983555497 0.0 10.892522044468816 0.0 0.0 0.0 0.0 0.0 0.0 
53.87727132661523 0.3794300016587848 0.0 11.17916736142852 0.0 0.0 0.0 0.0 0.0 0.0 
53.97537501144506 0.3990716159060925 0.0 11.465812678388225 0.0 0.0 0.0 0.0 0.0 0.0 
54.07337921126311 0.4192037495598888 0.0 11.752457995347932 0.0 0.0 0.0 0.0 0.0 0.0 
54.17128147348341 0.4398258988071868 0.0 12.039103312307637 0.0 0.0 0.0 0.0 0.0 0.0 
54.26907934807102 0.46093754757220884 0.0 12.325748629267343 0.0 0.0 0.0 0.0 0.0 0.0 
54.36677038760331 0.4825381675292917 0.0 12.612393946227048 0.0 0.0 0.0 0.0 0.0 0.0 
54.46435214733126 0.5046272181161204 0.0 12.899039263186753 0.0 0.0 0.0 0.0 0.0 0.0 
54.56182218524059 0.5272041465472466 0.0 13.185684580146459 0.0 0.0 0.0 0.0 0.0 0.0 
54.65917806211291 0.5502683878279235 0.0 13.472329897106164 0.0 0.0 0.0 0.0 0.0 0.0 
54.75641734158672 0.5738193647682488 0.0 13.75897521406587 0.0 0.0 0.0 0.0 0.0 0.0 
54.853537590218444 0.5978564879976078 0.0 14.045620531025577 0.0 0.0 0.0 0.0 0.0 0.0 
54.95053637754325 0.6223791559794178 0.0 14.332265847985282 0.0 0.0 0.0 0.0 0.0 0.0 
55.04741127613596 0.6473867550261936 0.0 14.618911164944986 0.0 0.0 0.0 0.0 0.0 0.0 
55.144159861671696 0.6728786593148883 0.0 14.905556481904691 0.0 0.0 0.0 0.0 0.0 0.0 
55.24077971298665 0.6988542309025725 0.0 15.192201798864398 0.0 0.0 0.0 0.0 0.0 0.0 
55.337268412138606 0.7253128197423808 0.0 15.478847115824106 0.0 0.0 0.0 0.0 0.0 0.0 
55.43362354446748 0.752253763699795 0.0 15.76549243278381 0.0 0.0 0.0 0.0 0.0 0.0 
55.52984269865573 0.7796763885692082 0.0 16.052137749743515 0.0 0.0 0.0 0.0 0.0 0.0 
55.62592346678871 0.8075800080907958 0.0 16.338783066703222 0.0 0.0 0.0 0.0 0.0 0.0 
55.72186344441496 0.8359639239676908 0.0 16.62542838366293 0.0 0.0 0.0 0.0 0.0 0.0 
55.81766023060629 0.8648274258834565 0.0 16.912073700622635 0.0 0.0 0.0 0.0 0.0 0.0 
55.913311428017984 0.8941697915198699 0.0 17.198719017582338 0.0 0.0 0.0 0.0 0.0 0.0 
56.00881464294868 0.9239902865749849 0.0 17.485364334542044 0.0 0.0 0.0 0.0 0.0 0.0 
56.104167485400346 0.9542881647815205 0.0 17.77200965150175 0.0 0.0 0.0 0.0 0.0 0.0 
56.19936756913807 0.9850626679255359 0.0 18.058654968461454 0.0 0.0 0.0 0.0 0.0 0.0 
56.29441251174977 1.0163130258653919 0.0 18.34530028542116 0.0 0.0 0.0 0.0 0.0 0.0 
56.38929993470582 1.0480384565510414 0.0 18.631945602380867 0.0 0.0 0.0 0.0 0.0 0.0 
56.48402746341858 1.0802381660435878 0.0 18.918590919340573 0.0 0.0 0.0 0.0 0.0 0.0 
56.578592727301796 1.1129113485351616 0.0 19.205236236300276 0.0 0.0 0.0 0.0 0.0 0.0 
56.67299335982997 1.146057186369076 0.0 19.491881553259983 0.0 0.0 0.0 0.0 0.0 0.0 
56.76722699859752 1.1796748500602994 0.0 19.77852687021969 0.0 0.0 0.0 0.0 0.0 0.0 
56.86129128537797 1.2137634983162138 0.0 20.065172187179392 0.0 0.0 0.0 0.0 0.0 0.0 
56.95518386618292 1.2483222780576564 0.0 20.3518175041391 0.0 0.0 0.0 0.0 0.0 0.0 
57.04890239132095 1.2833503244402777 0.0 20.638462821098805 0.0 0.0 0.0 0.0 0.0 0.0 
57.142444515456454 1.318846760876189 0.0 20.925108138058512 0.0 0.0 0.0 0.0 0.0 0.0 
57.23580789766831 1.354810699055884 0.0 21.211753455018215 0.0 0.0 0.0 0.0 0.0 0.0 
57.328990201508475 1.3912412389704842 0.0 21.498398771977925 0.0 0.0 0.0 0.0 0.0 0.0 
57.421989095060454 1.428137468934254 0.0 21.78504408893763 0.0 0.0 0.0 0.0 0.0 0.0 
57.514802250997626 1.4654984656074177 0.0 22.071689405897335 0.0 0.0 0.0 0.0 0.0 0.0 
57.60742734664154 1.5033232940192631 0.0 22.35833472285704 0.0 0.0 0.0 0.0 0.0 0.0 
57.69986206402001 1.541611007591548 0.0 22.644980039816748 0.0 0.0 0.0 0.0 0.0 0.0 
57.79210408992511 1.5803606481621824 0.0 22.93162535677645 0.0 0.0 0.0 0.0 0.0 0.0 
57.88415111597109 1.6195712460092015 0.0 23.218270673736157 0.0 0.0 0.0 0.0 0.0 0.0 
57.97600083865214 1.659241819875048 0.0 23.504915990695864 0.0 0.0 0.0 0.0 0.0 0.0 
58.06765095940001 1.6993713769911145 0.0 23.79156130765557 0.0 0.0 0.0 0.0 0.0 0.0 
58.15909918464156 1.739958913102595 0.0 24.078206624615273 0.0 0.0 0.0 0.0 0.0 0.0 
58.250343225856156 1.7810034124936136 0.0 24.36485194157498 0.0 0.0 0.0 0.0 0.0 0.0 
58.34138079963293 1.8225038480126465 0.0 24.651497258534686 0.0 0.0 0.0 0.0 0.0 0.0 
58.43220962772792 1.8644591810982214 0.0 24.93814257549439 0.0 0.0 0.0 0.0 0.0 0.0 
58.522827437121094 1.9068683618049165 0.0 25.224787892454096 0.0 0.0 0.0 0.0 0.0 0.0 
58.61323196007323 1.9497303288296264 0.0 25.511433209413802 0.0 0.0 0.0 0.0 0.0 0.0 
58.70342093418267 1.993044009538123 0.0 25.798078526373505 0.0 0.0 0.0 0.0 0.0 0.0 
58.79339210244193 2.0368083199919074 0.0 26.08472384333321 0.0 0.0 0.0 0.0 0.0 0.0 
58.883143213294176 2.0810221649753236 0.0 26.371369160292918 0.0 0.0 0.0 0.0 0.0 0.0 
58.9726720206896 2.1256844380229767 0.0 26.658014477252625 0.0 0.0 0.0 0.0 0.0 0.0 
59.0619762841416 2.1707940214474175 0.0 26.944659794212328 0.0 0.0 0.0 0.0 0.0 0.0 
59.15105376878285 2.216349786367109 0.0 27.231305111172034 0.0 0.0 0.0 0.0 0.0 0.0 
59.23990224542125 2.2623505927346876 0.0 27.51795042813174 0.0 0.0 0.0 0.0 0.0 0.0 
59.32851949059567 2.3087952893654884 0.0 27.804595745091447 0.0 0.0 0.0 0.0 0.0 0.0 
59.41690328663165 2.3556827139663428 0.0 28.091241062051154 0.0 0.0 0.0 0.0 0.0 0.0 
59.50505142169685 2.403011693164687 0.0 28.37788637901086 0.0 0.0 0.0 0.0 0.0 0.0 
59.59296168985643 2.4507810425379084 0.0 28.664531695970563 0.0 0.0 0.0 0.0 0.0 0.0 
59.68063189112824 2.498989566642993 0.0 28.95117701293027 0.0 0.0 0.0 0.0 0.0 0.0 
59.76805983153788 2.547636059046441 0.0 29.237822329889973 0.0 0.0 0.0 0.0 0.0 0.0 
59.85524332317361 2.5967193023544577 0.0 29.524467646849683 0.0 0.0 0.0 0.0 0.0 0.0 
59.94218018424108 2.6462380682434183 0.0 29.811112963809382 0.0 0.0 0.0 0.0 0.0 0.0 
60.02886823911797 2.6961911174906117 0.0 30.097758280769092 0.0 0.0 0.0 0.0 0.0 0.0 
60.11530531840839 2.7465772000052446 0.0 30.384403597728795 0.0 0.0 0.0 0.0 0.0 0.0 
60.20148925899722 2.797395054859735 0.0 30.6710489146885 0.0 0.0 0.0 0.0 0.0 0.0 
60.287417904104196 2.8486434103212566 0.0 30.95769423164821 0.0 0.0 0.0 0.0 0.0 0.0 
60.373089103337904 2.900320983883573 0.0 31.244339548607915 0.0 0.0 0.0 0.0 0.0 0.0 
60.458500712749604 2.952426482299131 0.0 31.53098486556762 0.0 0.0 0.0 0.0 0.0 0.0 
60.54365059488687 3.004958601611416 0.0 31.817630182527324 0.0 0.0 0.0 0.0 0.0 0.0 
60.62853661884708 3.057916027187604 0.0 32.10427549948703 0.0 0.0 0.0 0.0 0.0 0.0 
60.713156660330746 3.111297433751432 0.0 32.39092081644674 0.0 0.0 0.0 0.0 0.0 0.0 
60.79750860169469 3.165101485416393 0.0 32.677566133406444 0.0 0.0 0.0 0.0 0.0 0.0 
60.88159033200498 3.219326835719145 0.0 32.96421145036615 0.0 0.0 0.0 0.0 0.0 0.0 
60.96539974708987 3.2739721276532174 0.0 33.25085676732586 0.0 0.0 0.0 0.0 0.0 0.0 
61.04893474959233 3.329035993702969 0.0 33.537502084285556 0.0 0.0 0.0 0.0 0.0 0.0 
61.132193249022606 3.3845170558778093 0.0 33.82414740124527 0.0 0.0 0.0 0.0 0.0 0.0 
61.21517316181054 3.4404139257466793 0.0 34.11079271820497 0.0 0.0 0.0 0.0 0.0 0.0 
61.29787241135767 3.496725204472808 0.0 34.397438035164676 0.0 0.0 0.0 0.0 0.0 0.0 
61.38028892808924 3.553449482848705 0.0 34.68408335212438 0.0 0.0 0.0 0.0 0.0 0.0 
61.462420649505944 3.610585341331445 0.0 34.97072866908409 0.0 0.0 0.0 0.0 0.0 0.0 
61.54426552023559 3.6681313500781654 0.0 35.25737398604379 0.0 0.0 0.0 0.0 0.0 0.0 
61.62582149208451 3.7260860689818753 0.0 35.5440193030035 0.0 0.0 0.0 0.0 0.0 0.0 
61.70708652408883 3.7844480477074827 0.0 35.8306646199632 0.0 0.0 0.0 0.0 0.0 0.0 
61.78805858256552 3.8432158257280835 0.0 36.11730993692291 0.0 0.0 0.0 0.0 0.0 0.0 
61.868735641163305 3.9023879323615263 0.0 36.403955253882614 0.0 0.0 0.0 0.0 0.0 0.0 
61.949115680913394 3.961962886807202 0.0 36.69060057084232 0.0 0.0 0.0 0.0 0.0 0.0 
62.029196690279974 4.021939198183116 0.0 36.97724588780203 0.0 0.0 0.0 0.0 0.0 0.0 
62.10897666521056 4.082315365563178 0.0 37.263891204761734 0.0 0.0 0.0 0.0 0.0 0.0 
62.188453609186155 4.143089878014791 0.0 37.55053652172144 0.0 0.0 0.0 0.0 0.0 0.0 
62.2676255332712 4.204261214636633 0.0 37.83718183868115 0.0 0.0 0.0 0.0 0.0 0.0 
62.34649045616335 4.265827844596741 0.0 38.12382715564085 0.0 0.0 0.0 0.0 0.0 0.0 
62.42504640424309 4.327788227170808 0.0 38.41047247260055 0.0 0.0 0.0 0.0 0.0 0.0 
62.50329141162305 4.390140811780745 0.0 38.69711778956027 0.0 0.0 0.0 0.0 0.0 0.0 
62.581223520197305 4.4528840380334795 0.0 38.983763106519966 0.0 0.0 0.0 0.0 0.0 0.0 
62.65884077969027 4.516016335760018 0.0 39.27040842347967 0.0 0.0 0.0 0.0 0.0 0.0 
62.73614124770559 4.579536125054721 0.0 39.55705374043938 0.0 0.0 0.0 0.0 0.0 0.0 
62.8131229897747 4.643441816314857 0.0 39.843699057399085 0.0 0.0 0.0 0.0 0.0 0.0 
62.88978407940526 4.707731810280373 0.0 40.130344374358785 0.0 0.0 0.0 0.0 0.0 0.0 
62.96612259812935 4.7724044980739215 0.0 40.4169896913185 0.0 0.0 0.0 0.0 0.0 0.0 
63.0421366355515 4.8374582612411166 0.0 40.7036350082782 0.0 0.0 0.0 0.0 0.0 0.0 
63.117824289396495 4.902891471791051 0.0 40.990280325237904 0.0 0.0 0.0 0.0 0.0 0.0 
63.19318366555694 4.968702492237016 0.0 41.27692564219761 0.0 0.0 0.0 0.0 0.0 0.0 
63.26821287814071 5.034889675637501 0.0 41.56357095915732 0.0 0.0 0.0 0.0 0.0 0.0 
63.34291004951814 5.101451365637393 0.0 41.850216276117024 0.0 0.0 0.0 0.0 0.0 0.0 
63.417273310368984 5.168385896509435 0.0 42.13686159307673 0.0 0.0 0.0 0.0 0.0 0.0 
63.49130079972921 5.235691593195908 0.0 42.42350691003643 0.0 0.0 0.0 0.0 0.0 0.0 
63.56499066503759 5.3033667713505555 0.0 42.710152226996144 0.0 0.0 0.0 0.0 0.0 0.0 
63.638341062182036 5.371409737380728 0.0 42.99679754395585 0.0 0.0 0.0 0.0 0.0 0.0 
63.711350155545745 5.439818788489765 0.0 43.28344286091555 0.0 0.0 0.0 0.0 0.0 0.0 
63.784016118053174 5.508592212719625 0.0 43.57008817787526 0.0 0.0 0.0 0.0 0.0 0.0 
63.85633713121571 5.577728288993695 0.0 43.85673349483496 0.0 0.0 0.0 0.0 0.0 0.0 
63.92831138517724 5.647225287159898 0.0 44.14337881179467 0.0 0.0 0.0 0.0 0.0 0.0 
63.99993707875936 5.717081468033962 0.0 44.430024128754376 0.0 0.0 0.0 0.0 0.0 0.0 
64.07121241950655 5.78729508344296 0.0 44.71666944571408 0.0 0.0 0.0 0.0 0.0 0.0 
64.14213562373095 5.857864376269049 0.0 45.00331476267378 0.0 0.0 0.0 0.0 0.0 0.0 
64.21270491655704 5.9287875804934504 0.0 45.289960079633495 0.0 0.0 0.0 0.0 0.0 0.0 
64.28291853196603 6.000062921240641 0.0 45.576605396593195 0.0 0.0 0.0 0.0 0.0 0.0 
64.3527747128401 6.071688614822768 0.0 45.8632507135529 0.0 0.0 0.0 0.0 0.0 0.0 
64.4222717110063 6.143662868784285 0.0 46.14989603051261 0.0 0.0 0.0 0.0 0.0 0.0 
64.49140778728038 6.215983881946827 0.0 46.436541347472314 0.0 0.0 0.0 0.0 0.0 0.0 
64.56018121151024 6.288649844454253 0.0 46.72318666443202 0.0 0.0 0.0 0.0 0.0 0.0 
64.62859026261927 6.361658937817967 0.0 47.00983198139173 0.0 0.0 0.0 0.0 0.0 0.0 
64.69663322864945 6.435009334962407 0.0 47.29647729835143 0.0 0.0 0.0 0.0 0.0 0.0 
64.76430840680409 6.508699200270788 0.0 47.58312261531114 0.0 0.0 0.0 0.0 0.0 0.0 
64.83161410349057 6.58272668963102 0.0 47.86976793227084 0.0 0.0 0.0 0.0 0.0 0.0 
64.89854863436261 6.657089950481863 0.0 48.156413249230546 0.0 0.0 0.0 0.0 0.0 0.0 
64.9651103243625 6.7317871218592895 0.0 48.44305856619025 0.0 0.0 0.0 0.0 0.0 0.0 
65.03129750776299 6.806816334443065 0.0 48.72970388314996 0.0 0.0 0.0 0.0 0.0 0.0 
65.09710852820895 6.882175710603509 0.0 49.016349200109666 0.0 0.0 0.0 0.0 0.0 0.0 
65.16254173875888 6.957863364448493 0.0 49.30299451706937 0.0 0.0 0.0 0.0 0.0 0.0 
65.22759550192609 7.033877401870649 0.0 49.58963983402908 0.0 0.0 0.0 0.0 0.0 0.0 
65.29226818971962 7.110215920594745 0.0 49.87628515098878 0.0 0.0 0.0 0.0 0.0 0.0 
65.35655818368514 7.186877010225303 0.0 50.16293046794849 0.0 0.0 0.0 0.0 0.0 0.0 
65.42046387494528 7.2638587522944125 0.0 50.44957578490819 0.0 0.0 0.0 0.0 0.0 0.0 
65.48398366423999 7.34115922030973 0.0 50.7362211018679 0.0 0.0 0.0 0.0 0.0 0.0 
65.54711596196651 7.418776479802693 0.0 51.022866418827604 0.0 0.0 0.0 0.0 0.0 0.0 
65.60985918821926 7.4967085883769435 0.0 51.30951173578731 0.0 0.0 0.0 0.0 0.0 0.0 
65.67221177282919 7.57495359575691 0.0 51.59615705274701 0.0 0.0 0.0 0.0 0.0 0.0 
65.73417215540326 7.653509543836645 0.0 51.882802369706724 0.0 0.0 0.0 0.0 0.0 0.0 
65.79573878536337 7.7323744667288015 0.0 52.16944768666642 0.0 0.0 0.0 0.0 0.0 0.0 
65.85691012198521 7.811546390813843 0.0 52.45609300362613 0.0 0.0 0.0 0.0 0.0 0.0 
65.91768463443682 7.891023334789436 0.0 52.742738320585836 0.0 0.0 0.0 0.0 0.0 0.0 
65.97806080181688 7.970803309720022 0.0 53.02938363754554 0.0 0.0 0.0 0.0 0.0 0.0 
66.0380371131928 8.050884319086602 0.0 53.31602895450525 0.0 0.0 0.0 0.0 0.0 0.0 
66.09761206763847 8.131264358836694 0.0 53.602674271464956 0.0 0.0 0.0 0.0 0.0 0.0 
66.15678417427192 8.211941417434481 0.0 53.889319588424655 0.0 0.0 0.0 0.0 0.0 0.0 
66.21555195229251 8.292913475911167 0.0 54.17596490538437 0.0 0.0 0.0 0.0 0.0 0.0 
66.27391393101811 8.374178507915484 0.0 54.46261022234407 0.0 0.0 0.0 0.0 0.0 0.0 
66.33186864992183 8.455734479764407 0.0 54.749255539303775 0.0 0.0 0.0 0.0 0.0 0.0 
66.38941465866856 8.537579350494056 0.0 55.03590085626348 0.0 0.0 0.0 0.0 0.0 0.0 
66.4465505171513 8.61971107191076 0.0 55.32254617322319 0.0 0.0 0.0 0.0 0.0 0.0 
66.50327479552719 8.702127588642325 0.0 55.609191490182894 0.0 0.0 0.0 0.0 0.0 0.0 
66.55958607425332 8.784826838189456 0.0 55.8958368071426 0.0 0.0 0.0 0.0 0.0 0.0 
66.61548294412219 8.867806750977392 0.0 56.18248212410231 0.0 0.0 0.0 0.0 0.0 0.0 
66.67096400629703 8.951065250407673 0.0 56.46912744106201 0.0 0.0 0.0 0.0 0.0 0.0 
66.72602787234678 9.03460025291013 0.0 56.75577275802172 0.0 0.0 0.0 0.0 0.0 0.0 
66.78067316428086 9.118409667995014 0.0 57.04241807498142 0.0 0.0 0.0 0.0 0.0 0.0 
66.83489851458361 9.202491398305314 0.0 57.329063391941126 0.0 0.0 0.0 0.0 0.0 0.0 
66.88870256624857 9.286843339669254 0.0 57.61570870890084 0.0 0.0 0.0 0.0 0.0 0.0 
66.9420839728124 9.371463381152921 0.0 57.90235402586054 0.0 0.0 0.0 0.0 0.0 0.0 
66.99504139838858 9.45634940511313 0.0 58.188999342820246 0.0 0.0 0.0 0.0 0.0 0.0 
67.04757351770087 9.541499287250394 0.0 58.475644659779945 0.0 0.0 0.0 0.0 0.0 0.0 
67.09967901611643 9.626910896662098 0.0 58.76228997673966 0.0 0.0 0.0 0.0 0.0 0.0 
67.15135658967874 9.712582095895804 0.0 59.048935293699365 0.0 0.0 0.0 0.0 0.0 0.0 
67.20260494514027 9.798510741002778 0.0 59.335580610659065 0.0 0.0 0.0 0.0 0.0 0.0 
67.25342279999475 9.884694681591604 0.0 59.622225927618764 0.0 0.0 0.0 0.0 0.0 0.0 
67.30380888250939 9.971131760882031 0.0 59.908871244578485 0.0 0.0 0.0 0.0 0.0 0.0 
67.35376193175658 10.057819815758917 0.0 60.195516561538184 0.0 0.0 0.0 0.0 0.0 0.0 
67.40328069764554 10.144756676826388 0.0 60.482161878497884 0.0 0.0 0.0 0.0 0.0 0.0 
67.45236394095356 10.231940168462113 0.0 60.76880719545759 0.0 0.0 0.0 0.0 0.0 0.0 
67.50101043335701 10.319368108871757 0.0 61.055452512417304 0.0 0.0 0.0 0.0 0.0 0.0 
67.54921895746209 10.407038310143568 0.0 61.342097829377 0.0 0.0 0.0 0.0 0.0 0.0 
67.59698830683531 10.494948578303148 0.0 61.62874314633671 0.0 0.0 0.0 0.0 0.0 0.0 
67.64431728603365 10.583096713368354 0.0 61.91538846329642 0.0 0.0 0.0 0.0 0.0 0.0 
67.69120471063451 10.671480509404333 0.0 62.20203378025612 0.0 0.0 0.0 0.0 0.0 0.0 
67.73764940726531 10.760097754578755 0.0 62.48867909721583 0.0 0.0 0.0 0.0 0.0 0.0 
67.78365021363288 10.848946231217145 0.0 62.77532441417553 0.0 0.0 0.0 0.0 0.0 0.0 
67.82920597855258 10.9380237158584 0.0 63.06196973113524 0.0 0.0 0.0 0.0 0.0 0.0 
67.87431556197703 11.0273279793104 0.0 63.34861504809495 0.0 0.0 0.0 0.0 0.0 0.0 
67.91897783502468 11.116856786705824 0.0 63.63526036505465 0.0 0.0 0.0 0.0 0.0 0.0 
67.9631916800081 11.206607897558074 0.0 63.921905682014355 0.0 0.0 0.0 0.0 0.0 0.0 
68.00695599046188 11.296579065817332 0.0 64.20855099897406 0.0 0.0 0.0 0.0 0.0 0.0 
68.05026967117037 11.386768039926771 0.0 64.49519631593377 0.0 0.0 0.0 0.0 0.0 0.0 
68.09313163819508 11.477172562878906 0.0 64.78184163289347 0.0 0.0 0.0 0.0 0.0 0.0 
68.13554081890177 11.567790372272079 0.0 65.06848694985318 0.0 0.0 0.0 0.0 0.0 0.0 
68.17749615198736 11.658619200367069 0.0 65.35513226681289 0.0 0.0 0.0 0.0 0.0 0.0 
68.21899658750638 11.74965677414384 0.0 65.6417775837726 0.0 0.0 0.0 0.0 0.0 0.0 
68.2600410868974 11.840900815358438 0.0 65.9284229007323 0.0 0.0 0.0 0.0 0.0 0.0 
68.30062862300889 11.932349040599988 0.0 66.215068217692 0.0 0.0 0.0 0.0 0.0 0.0 
68.34075818012495 12.02399916134786 0.0 66.50171353465171 0.0 0.0 0.0 0.0 0.0 0.0 
68.3804287539908 12.115848884028907 0.0 66.78835885161142 0.0 0.0 0.0 0.0 0.0 0.0 
68.41963935183782 12.207895910074885 0.0 67.07500416857111 0.0 0.0 0.0 0.0 0.0 0.0 
68.45838899240846 12.30013793597999 0.0 67.36164948553083 0.0 0.0 0.0 0.0 0.0 0.0 
68.49667670598073 12.392572653358457 0.0 67.64829480249054 0.0 0.0 0.0 0.0 0.0 0.0 
68.53450153439258 12.485197749002372 0.0 67.93494011945023 0.0 0.0 0.0 0.0 0.0 0.0 
68.57186253106575 12.578010904939546 0.0 68.22158543640994 0.0 0.0 0.0 0.0 0.0 0.0 
68.60875876102952 12.671009798491525 0.0 68.50823075336966 0.0 0.0 0.0 0.0 0.0 0.0 
68.64518930094411 12.764192102331691 0.0 68.79487607032935 0.0 0.0 0.0 0.0 0.0 0.0 
68.68115323912382 12.857555484543548 0.0 69.08152138728906 0.0 0.0 0.0 0.0 0.0 0.0 
68.71664967555972 12.951097608679053 0.0 69.36816670424876 0.0 0.0 0.0 0.0 0.0 0.0 
68.75167772194234 13.044816133817083 0.0 69.65481202120847 0.0 0.0 0.0 0.0 0.0 0.0 
68.78623650168379 13.138708714622025 0.0 69.94145733816818 0.0 0.0 0.0 0.0 0.0 0.0 
68.82032514993969 13.232773001402478 0.0 70.22810265512788 0.0 0.0 0.0 0.0 0.0 0.0 
68.85394281363092 13.327006640170032 0.0 70.51474797208758 0.0 0.0 0.0 0.0 0.0 0.0 
68.88708865146484 13.421407272698204 0.0 70.8013932890473 0.0 0.0 0.0 0.0 0.0 0.0 
68.91976183395641 13.515972536581424 0.0 71.088038606007 0.0 0.0 0.0 0.0 0.0 0.0 
68.95196154344896 13.610700065294179 0.0 71.3746839229667 0.0 0.0 0.0 0.0 0.0 0.0 
68.9836869741346 13.705587488250227 0.0 71.6613292399264 0.0 0.0 0.0 0.0 0.0 0.0 
69.01493733207447 13.800632430861931 0.0 71.94797455688612 0.0 0.0 0.0 0.0 0.0 0.0 
69.04571183521848 13.895832514599656 0.0 72.23461987384582 0.0 0.0 0.0 0.0 0.0 0.0 
69.07600971342501 13.991185357051322 0.0 72.52126519080552 0.0 0.0 0.0 0.0 0.0 0.0 
69.10583020848013 14.086688571982013 0.0 72.80791050776523 0.0 0.0 0.0 0.0 0.0 0.0 
69.13517257411655 14.182339769393707 0.0 73.09455582472494 0.0 0.0 0.0 0.0 0.0 0.0 
69.16403607603232 14.278136555585043 0.0 73.38120114168464 0.0 0.0 0.0 0.0 0.0 0.0 
69.1924199919092 14.374076533211287 0.0 73.66784645864435 0.0 0.0 0.0 0.0 0.0 0.0 
69.22032361143079 14.470157301344276 0.0 73.95449177560405 0.0 0.0 0.0 0.0 0.0 0.0 
69.2477462363002 14.566376455532524 0.0 74.24113709256376 0.0 0.0 0.0 0.0 0.0 0.0 
69.27468718025762 14.662731587861392 0.0 74.52778240952347 0.0 0.0 0.0 0.0 0.0 0.0 
69.30114576909743 14.759220287013349 0.0 74.81442772648317 0.0 0.0 0.0 0.0 0.0 0.0 
69.32712134068511 14.855840138328302 0.0 75.10107304344288 0.0 0.0 0.0 0.0 0.0 0.0 
69.35261324497381 14.952588723864043 0.0 75.38771836040259 0.0 0.0 0.0 0.0 0.0 0.0 
69.37762084402058 15.049463622456745 0.0 75.6743636773623 0.0 0.0 0.0 0.0 0.0 0.0 
69.4021435120024 15.146462409781556 0.0 75.96100899432199 0.0 0.0 0.0 0.0 0.0 0.0 
69.42618063523176 15.24358265841328 0.0 76.2476543112817 0.0 0.0 0.0 0.0 0.0 0.0 
69.44973161217207 15.340821937887094 0.0 76.53429962824141 0.0 0.0 0.0 0.0 0.0 0.0 
69.47279585345275 15.438177814759408 0.0 76.8209449452011 0.0 0.0 0.0 0.0 0.0 0.0 
69.49537278188387 15.535647852668738 0.0 77.10759026216081 0.0 0.0 0.0 0.0 0.0 0.0 
69.5174618324707 15.63322961239669 0.0 77.39423557912053 0.0 0.0 0.0 0.0 0.0 0.0 
69.5390624524278 15.730920651928983 0.0 77.68088089608023 0.0 0.0 0.0 0.0 0.0 0.0 
69.56017410119281 15.828718526516587 0.0 77.96752621303993 0.0 0.0 0.0 0.0 0.0 0.0 
69.58079625044012 15.926620788736887 0.0 78.25417152999964 0.0 0.0 0.0 0.0 0.0 0.0 
69.6009283840939 16.02462498855494 0.0 78.54081684695934 0.0 0.0 0.0 0.0 0.0 0.0 
69.62056999834121 16.12272867338477 0.0 78.82746216391905 0.0 0.0 0.0 0.0 0.0 0.0 
69.63972060164446 16.220929388150765 0.0 79.11410748087876 0.0 0.0 0.0 0.0 0.0 0.0 
69.65837971475374 16.319224675349112 0.0 79.40075279783845 0.0 0.0 0.0 0.0 0.0 0.0 
69.67654687071888 16.417612075109286 0.0 79.68739811479817 0.0 0.0 0.0 0.0 0.0 0.0 
69.6942216149011 16.516089125255622 0.0 79.97404343175788 0.0 0.0 0.0 0.0 0.0 0.0 
69.71140350498435 16.61465336136892 0.0 80.26068874871757 0.0 0.0 0.0 0.0 0.0 0.0 
69.72809211098641 16.71330231684813 0.0 80.54733406567729 0.0 0.0 0.0 0.0 0.0 0.0 
69.74428701526966 16.81203352297206 0.0 80.833979382637 0.0 0.0 0.0 0.0 0.0 0.0 
69.75998781255153 16.91084450896119 0.0 81.12062469959669 0.0 0.0 0.0 0.0 0.0 0.0 
69.77519410991461 17.009732802039473 0.0 81.4072700165564 0.0 0.0 0.0 0.0 0.0 0.0 
69.78990552681651 17.10869592749623 0.0 81.69391533351612 0.0 0.0 0.0 0.0 0.0 0.0 
69.80412169509943 17.20773140874806 0.0 81.98056065047581 0.0 0.0 0.0 0.0 0.0 0.0 
69.81784225899924 17.306836767400867 0.0 82.26720596743552 0.0 0.0 0.0 0.0 0.0 0.0 
69.83106687515453 17.406009523311834 0.0 82.55385128439522 0.0 0.0 0.0 0.0 0.0 0.0 
69.84379521261509 17.505247194651506 0.0 82.84049660135493 0.0 0.0 0.0 0.0 0.0 0.0 
69.8560269528503 17.604547297965897 0.0 83.12714191831463 0.0 0.0 0.0 0.0 0.0 0.0 
69.86776178975698 17.70390734823865 0.0 83.41378723527434 0.0 0.0 0.0 0.0 0.0 0.0 
69.87899942966715 17.80332485895321 0.0 83.70043255223405 0.0 0.0 0.0 0.0 0.0 0.0 
69.88973959135535 17.902797342155065 0.0 83.98707786919375 0.0 0.0 0.0 0.0 0.0 0.0 
69.8999820060456 18.002322308513975 0.0 84.27372318615346 0.0 0.0 0.0 0.0 0.0 0.0 
69.90972641741831 18.101897267386324 0.0 84.56036850311317 0.0 0.0 0.0 0.0 0.0 0.0 
69.91897258161647 18.2015197268774 0.0 84.84701382007286 0.0 0.0 0.0 0.0 0.0 0.0 
69.92772026725194 18.30118719390378 0.0 85.13365913703258 0.0 0.0 0.0 0.0 0.0 0.0 
69.9359692554111 18.4008971742557 0.0 85.42030445399229 0.0 0.0 0.0 0.0 0.0 0.0 
69.94371933966045 18.5006471726595 0.0 85.70694977095198 0.0 0.0 0.0 0.0 0.0 0.0 
69.95097032605167 18.60043469284006 0.0 85.9935950879117 0.0 0.0 0.0 0.0 0.0 0.0 
69.95772203312656 18.700257237583244 0.0 86.2802404048714 0.0 0.0 0.0 0.0 0.0 0.0 
69.96397429192152 18.80011230879844 0.0 86.5668857218311 0.0 0.0 0.0 0.0 0.0 0.0 
69.96972694597179 18.89999740758103 0.0 86.8535310387908 0.0 0.0 0.0 0.0 0.0 0.0 
69.9749798513154 18.99991003427497 0.0 87.14017635575053 0.0 0.0 0.0 0.0 0.0 0.0 
69.97973287649674 19.09984768853529 0.0 87.42682167271022 0.0 0.0 0.0 0.0 0.0 0.0 
69.98398590256986 19.199807869390728 0.0 87.71346698966993 0.0 0.0 0.0 0.0 0.0 0.0 
69.98773882310144 19.29978807530627 0.0 88.00011230662963 0.0 0.0 0.0 0.0 0.0 0.0 
69.99099154417347 19.399785804245774 0.0 88.28675762358934 0.0 0.0 0.0 0.0 0.0 0.0 
69.99374398438556 19.49979855373457 0.0 88.57340294054904 0.0 0.0 0.0 0.0 0.0 0.0 
69.99599607485706 19.59982382092211 0.0 88.86004825750875 0.0 0.0 0.0 0.0 0.0 0.0 
69.99774775922866 19.699859102644577 0.0 89.14669357446844 0.0 0.0 0.0 0.0 0.0 0.0 
69.99899899366392 19.799901895487537 0.0 89.43333889142816 0.0 0.0 0.0 0.0 0.0 0.0 
69.99974974685031 19.89994969584858 0.0 89.71998420838787 0.0 0.0 0.0 0.0 0.0 0.0 
70.0 19.999999999999996 0.0 90.00662952534756 0.0 0.0 0.0 0.0 0.0 0.0 
70.0 19.999999999999996 0.0 90.00662952534756 0.0 0.0 0.0 0.0 0.0 0.0 
70.0 20.099999999999998 0.0 90.00662952534756 0.0 0.0 0.0 0.0 0.0 0.0 
70.0 20.199999999999996 0.0 90.00662952534756 0.0 0.0 0.0 0.0 0.0 0.0 
70.0 20.299999999999997 0.0 90.00662952534756 0.0 0.0 0.0 0.0 0.0 0.0 
70.0 20.399999999999995 0.0 90.00662952534756 0.0 0.0 0.0 0.0 0.0 0.0 
70.0 20.499999999999996 0.0 90.00662952534756 0.0 0.0 0.0 0.0 0.0 0.0 
70.0 20.599999999999998 0.0 90.00662952534756 0.0 0.0 0.0 0.0 0.0 0.0 
70.0 20.699999999999996 0.0 90.00662952534756 0.0 0.0 0.0 0.0 0.0 0.0 
70.0 20.799999999999997 0.0 90.00662952534756 0.0 0.0 0.0 0.0 0.0 0.0 
70.0 20.899999999999995 0.0 90.00662952534756 0.0 0.0 0.0 0.0 0.0 0.0 
70.0 20.999999999999996 0.0 90.00662952534756 0.0 0.0 0.0 0.0 0.0 0.0 
70.0 21.099999999999998 0.0 90.00662952534756 0.0 0.0 0.0 0.0 0.0 0.0 
70.0 21.199999999999996 0.0 90.00662952534756 0.0 0.0 0.0 0.0 0.0 0.0 
70.0 21.299999999999997 0.0 90.00662952534756 0.0 0.0 0.0 0.0 0.0 0.0 
70.0 21.399999999999995 0.0 90.00662952534756 0.0 0.0 0.0 0.0 0.0 0.0 
70.0 21.499999999999996 0.0 90.00662952534756 0.0 0.0 0.0 0.0 0.0 0.0 
70.0 21.599999999999998 0.0 90.00662952534756 0.0 0.0 0.0 0.0 0.0 0.0 
70.0 21.699999999999996 0.0 90.00662952534756 0.0 0.0 0.0 0.0 0.0 0.0 
70.0 21.799999999999997 0.0 90.00662952534756 0.0 0.0 0.0 0.0 0.0 0.0 
70.0 21.899999999999995 0.0 90.00662952534756 0.0 0.0 0.0 0.0 0.0 0.0 
70.0 21.999999999999996 0.0 90.00662952534756 0.0 0.0 0.0 0.0 0.0 0.0 
70.0 22.099999999999998 0.0 90.00662952534756 0.0 0.0 0.0 0.0 0.0 0.0 
70.0 22.199999999999996 0.0 90.00662952534756 0.0 0.0 0.0 0.0 0.0 0.0 
70.0 22.299999999999997 0.0 90.00662952534756 0.0 0.0 0.0 0.0 0.0 0.0 
70.0 22.4 0.0 90.00662952534756 0.0 0.0 0.0 0.0 0.0 0.0 
70.0 22.499999999999996 0.0 90.00662952534756 0.0 0.0 0.0 0.0 0.0 0.0 
70.0 22.599999999999998 0.0 90.00662952534756 0.0 0.0 0.0 0.0 0.0 0.0 
70.0 22.699999999999996 0.0 90.00662952534756 0.0 0.0 0.0 0.0 0.0 0.0 
70.0 22.799999999999997 0.0 90.00662952534756 0.0 0.0 0.0 0.0 0.0 0.0 
70.0 22.9 0.0 90.00662952534756 0.0 0.0 0.0 0.0 0.0 0.0 
70.0 22.999999999999996 0.0 90.00662952534756 0.0 0.0 0.0 0.0 0.0 0.0 
70.0 23.099999999999998 0.0 90.00662952534756 0.0 0.0 0.0 0.0 0.0 0.0 
70.0 23.199999999999996 0.0 90.00662952534756 0.0 0.0 0.0 0.0 0.0 0.0 
70.0 23.299999999999997 0.0 90.00662952534756 0.0 0.0 0.0 0.0 0.0 0.0 
70.0 23.4 0.0 90.00662952534756 0.0 0.0 0.0 0.0 0.0 0.0 
70.0 23.499999999999996 0.0 90.00662952534756 0.0 0.0 0.0 0.0 0.0 0.0 
70.0 23.599999999999998 0.0 90.00662952534756 0.0 0.0 0.0 0.0 0.0 0.0 
70.0 23.699999999999996 0.0 90.00662952534756 0.0 0.0 0.0 0.0 0.0 0.0 
70.0 23.799999999999997 0.0 90.00662952534756 0.0 0.0 0.0 0.0 0.0 0.0 
70.0 23.9 0.0 90.00662952534756 0.0 0.0 0.0 0.0 0.0 0.0 
70.0 23.999999999999996 0.0 90.00662952534756 0.0 0.0 0.0 0.0 0.0 0.0 
70.0 24.099999999999998 0.0 90.00662952534756 0.0 0.0 0.0 0.0 0.0 0.0 
70.0 24.199999999999996 0.0 90.00662952534756 0.0 0.0 0.0 0.0 0.0 0.0 
70.0 24.299999999999997 0.0 90.00662952534756 0.0 0.0 0.0 0.0 0.0 0.0 
70.0 24.4 0.0 90.00662952534756 0.0 0.0 0.0 0.0 0.0 0.0 
70.0 24.499999999999996 0.0 90.00662952534756 0.0 0.0 0.0 0.0 0.0 0.0 
70.0 24.599999999999998 0.0 90.00662952534756 0.0 0.0 0.0 0.0 0.0 0.0 
70.0 24.699999999999996 0.0 90.00662952534756 0.0 0.0 0.0 0.0 0.0 0.0 
70.0 24.799999999999997 0.0 90.00662952534756 0.0 0.0 0.0 0.0 0.0 0.0 
70.0 24.9 0.0 90.00662952534756 0.0 0.0 0.0 0.0 0.0 0.0 
70.0 24.999999999999996 0.0 90.00662952534756 0.0 0.0 0.0 0.0 0.0 0.0 
70.0 25.099999999999998 0.0 90.00662952534756 0.0 0.0 0.0 0.0 0.0 0.0 
70.0 25.199999999999996 0.0 90.00662952534756 0.0 0.0 0.0 0.0 0.0 0.0 
70.0 25.299999999999997 0.0 90.00662952534756 0.0 0.0 0.0 0.0 0.0 0.0 
70.0 25.4 0.0 90.00662952534756 0.0 0.0 0.0 0.0 0.0 0.0 
70.0 25.499999999999996 0.0 90.00662952534756 0.0 0.0 0.0 0.0 0.0 0.0 
70.0 25.599999999999998 0.0 90.00662952534756 0.0 0.0 0.0 0.0 0.0 0.0 
70.0 25.699999999999996 0.0 90.00662952534756 0.0 0.0 0.0 0.0 0.0 0.0 
70.0 25.799999999999997 0.0 90.00662952534756 0.0 0.0 0.0 0.0 0.0 0.0 
70.0 25.9 0.0 90.00662952534756 0.0 0.0 0.0 0.0 0.0 0.0 
70.0 25.999999999999996 0.0 90.00662952534756 0.0 0.0 0.0 0.0 0.0 0.0 
70.0 26.099999999999998 0.0 90.00662952534756 0.0 0.0 0.0 0.0 0.0 0.0 
70.0 26.199999999999996 0.0 90.00662952534756 0.0 0.0 0.0 0.0 0.0 0.0 
70.0 26.299999999999997 0.0 90.00662952534756 0.0 0.0 0.0 0.0 0.0 0.0 
70.0 26.4 0.0 90.00662952534756 0.0 0.0 0.0 0.0 0.0 0.0 
70.0 26.499999999999996 0.0 90.00662952534756 0.0 0.0 0.0 0.0 0.0 0.0 
70.0 26.599999999999998 0.0 90.00662952534756 0.0 0.0 0.0 0.0 0.0 0.0 
70.0 26.699999999999996 0.0 90.00662952534756 0.0 0.0 0.0 0.0 0.0 0.0 
70.0 26.799999999999997 0.0 90.00662952534756 0.0 0.0 0.0 0.0 0.0 0.0 
70.0 26.9 0.0 90.00662952534756 0.0 0.0 0.0 0.0 0.0 0.0 
70.0 26.999999999999996 0.0 90.00662952534756 0.0 0.0 0.0 0.0 0.0 0.0 
70.0 27.099999999999998 0.0 90.00662952534756 0.0 0.0 0.0 0.0 0.0 0.0 
70.0 27.199999999999996 0.0 90.00662952534756 0.0 0.0 0.0 0.0 0.0 0.0 
70.0 27.299999999999997 0.0 90.00662952534756 0.0 0.0 0.0 0.0 0.0 0.0 
70.0 27.4 0.0 90.00662952534756 0.0 0.0 0.0 0.0 0.0 0.0 
70.0 27.499999999999996 0.0 90.00662952534756 0.0 0.0 0.0 0.0 0.0 0.0 
70.0 27.599999999999998 0.0 90.00662952534756 0.0 0.0 0.0 0.0 0.0 0.0 
70.0 27.699999999999996 0.0 90.00662952534756 0.0 0.0 0.0 0.0 0.0 0.0 
70.0 27.799999999999997 0.0 90.00662952534756 0.0 0.0 0.0 0.0 0.0 0.0 
70.0 27.9 0.0 90.00662952534756 0.0 0.0 0.0 0.0 0.0 0.0 
70.0 27.999999999999996 0.0 90.00662952534756 0.0 0.0 0.0 0.0 0.0 0.0 
70.0 28.099999999999994 0.0 90.00662952534756 0.0 0.0 0.0 0.0 0.0 0.0 
70.0 28.199999999999996 0.0 90.00662952534756 0.0 0.0 0.0 0.0 0.0 0.0 
70.0 28.299999999999997 0.0 90.00662952534756 0.0 0.0 0.0 0.0 0.0 0.0 
70.0 28.4 0.0 90.00662952534756 0.0 0.0 0.0 0.0 0.0 0.0 
70.0 28.499999999999996 0.0 90.00662952534756 0.0 0.0 0.0 0.0 0.0 0.0 
70.0 28.599999999999994 0.0 90.00662952534756 0.0 0.0 0.0 0.0 0.0 0.0 
70.0 28.699999999999996 0.0 90.00662952534756 0.0 0.0 0.0 0.0 0.0 0.0 
70.0 28.799999999999997 0.0 90.00662952534756 0.0 0.0 0.0 0.0 0.0 0.0 
70.0 28.9 0.0 90.00662952534756 0.0 0.0 0.0 0.0 0.0 0.0 
70.0 28.999999999999996 0.0 90.00662952534756 0.0 0.0 0.0 0.0 0.0 0.0 
70.0 29.099999999999994 0.0 90.00662952534756 0.0 0.0 0.0 0.0 0.0 0.0 
70.0 29.199999999999996 0.0 90.00662952534756 0.0 0.0 0.0 0.0 0.0 0.0 
70.0 29.299999999999997 0.0 90.00662952534756 0.0 0.0 0.0 0.0 0.0 0.0 
70.0 29.4 0.0 90.00662952534756 0.0 0.0 0.0 0.0 0.0 0.0 
70.0 29.499999999999996 0.0 90.00662952534756 0.0 0.0 0.0 0.0 0.0 0.0 
70.0 29.599999999999998 0.0 90.00662952534756 0.0 0.0 0.0 0.0 0.0 0.0 
70.0 29.699999999999996 0.0 90.00662952534756 0.0 0.0 0.0 0.0 0.0 0.0 
70.0 29.799999999999997 0.0 90.00662952534756 0.0 0.0 0.0 0.0 0.0 0.0 
70.0 29.9 0.0 90.00662952534756 0.0 0.0 0.0 0.0 0.0 0.0 
70.0 29.999999999999996 0.0 90.00662952534756 0.0 0.0 0.0 0.0 0.0 0.0 
70.0 30.099999999999998 0.0 90.00662952534756 0.0 0.0 0.0 0.0 0.0 0.0 
70.0 30.199999999999996 0.0 90.00662952534756 0.0 0.0 0.0 0.0 0.0 0.0 
70.0 30.299999999999997 0.0 90.00662952534756 0.0 0.0 0.0 0.0 0.0 0.0 
70.0 30.4 0.0 90.00662952534756 0.0 0.0 0.0 0.0 0.0 0.0 
70.0 30.499999999999996 0.0 90.00662952534756 0.0 0.0 0.0 0.0 0.0 0.0 
70.0 30.599999999999998 0.0 90.00662952534756 0.0 0.0 0.0 0.0 0.0 0.0 
70.0 30.699999999999996 0.0 90.00662952534756 0.0 0.0 0.0 0.0 0.0 0.0 
70.0 30.799999999999997 0.0 90.00662952534756 0.0 0.0 0.0 0.0 0.0 0.0 
70.0 30.9 0.0 90.00662952534756 0.0 0.0 0.0 0.0 0.0 0.0 
70.0 30.999999999999996 0.0 90.00662952534756 0.0 0.0 0.0 0.0 0.0 0.0 
70.0 31.099999999999998 0.0 90.00662952534756 0.0 0.0 0.0 0.0 0.0 0.0 
70.0 31.199999999999996 0.0 90.00662952534756 0.0 0.0 0.0 0.0 0.0 0.0 
70.0 31.299999999999997 0.0 90.00662952534756 0.0 0.0 0.0 0.0 0.0 0.0 
70.0 31.4 0.0 90.00662952534756 0.0 0.0 0.0 0.0 0.0 0.0 
70.0 31.499999999999996 0.0 90.00662952534756 0.0 0.0 0.0 0.0 0.0 0.0 
70.0 31.599999999999998 0.0 90.00662952534756 0.0 0.0 0.0 0.0 0.0 0.0 
70.0 31.699999999999996 0.0 90.00662952534756 0.0 0.0 0.0 0.0 0.0 0.0 
70.0 31.799999999999997 0.0 90.00662952534756 0.0 0.0 0.0 0.0 0.0 0.0 
70.0 31.9 0.0 90.00662952534756 0.0 0.0 0.0 0.0 0.0 0.0 
70.0 31.999999999999996 0.0 90.00662952534756 0.0 0.0 0.0 0.0 0.0 0.0 
70.0 32.099999999999994 0.0 90.00662952534756 0.0 0.0 0.0 0.0 0.0 0.0 
70.0 32.199999999999996 0.0 90.00662952534756 0.0 0.0 0.0 0.0 0.0 0.0 
70.0 32.3 0.0 90.00662952534756 0.0 0.0 0.0 0.0 0.0 0.0 
70.0 32.4 0.0 90.00662952534756 0.0 0.0 0.0 0.0 0.0 0.0 
70.0 32.5 0.0 90.00662952534756 0.0 0.0 0.0 0.0 0.0 0.0 
70.0 32.599999999999994 0.0 90.00662952534756 0.0 0.0 0.0 0.0 0.0 0.0 
70.0 32.699999999999996 0.0 90.00662952534756 0.0 0.0 0.0 0.0 0.0 0.0 
70.0 32.8 0.0 90.00662952534756 0.0 0.0 0.0 0.0 0.0 0.0 
70.0 32.9 0.0 90.00662952534756 0.0 0.0 0.0 0.0 0.0 0.0 
70.0 33.0 0.0 90.00662952534756 0.0 0.0 0.0 0.0 0.0 0.0 
70.0 33.099999999999994 0.0 90.00662952534756 0.0 0.0 0.0 0.0 0.0 0.0 
70.0 33.199999999999996 0.0 90.00662952534756 0.0 0.0 0.0 0.0 0.0 0.0 
70.0 33.3 0.0 90.00662952534756 0.0 0.0 0.0 0.0 0.0 0.0 
70.0 33.4 0.0 90.00662952534756 0.0 0.0 0.0 0.0 0.0 0.0 
70.0 33.5 0.0 90.00662952534756 0.0 0.0 0.0 0.0 0.0 0.0 
70.0 33.599999999999994 0.0 90.00662952534756 0.0 0.0 0.0 0.0 0.0 0.0 
70.0 33.699999999999996 0.0 90.00662952534756 0.0 0.0 0.0 0.0 0.0 0.0 
70.0 33.8 0.0 90.00662952534756 0.0 0.0 0.0 0.0 0.0 0.0 
70.0 33.9 0.0 90.00662952534756 0.0 0.0 0.0 0.0 0.0 0.0 
70.0 34.0 0.0 90.00662952534756 0.0 0.0 0.0 0.0 0.0 0.0 
70.0 34.099999999999994 0.0 90.00662952534756 0.0 0.0 0.0 0.0 0.0 0.0 
70.0 34.199999999999996 0.0 90.00662952534756 0.0 0.0 0.0 0.0 0.0 0.0 
70.0 34.3 0.0 90.00662952534756 0.0 0.0 0.0 0.0 0.0 0.0 
70.0 34.4 0.0 90.00662952534756 0.0 0.0 0.0 0.0 0.0 0.0 
70.0 34.5 0.0 90.00662952534756 0.0 0.0 0.0 0.0 0.0 0.0 
70.0 34.599999999999994 0.0 90.00662952534756 0.0 0.0 0.0 0.0 0.0 0.0 
70.0 34.699999999999996 0.0 90.00662952534756 0.0 0.0 0.0 0.0 0.0 0.0 
70.0 34.8 0.0 90.00662952534756 0.0 0.0 0.0 0.0 0.0 0.0 
70.0 34.9 0.0 90.00662952534756 0.0 0.0 0.0 0.0 0.0 0.0 
70.0 35.0 0.0 90.00662952534756 0.0 0.0 0.0 0.0 0.0 0.0 
70.0 35.099999999999994 0.0 90.00662952534756 0.0 0.0 0.0 0.0 0.0 0.0 
70.0 35.199999999999996 0.0 90.00662952534756 0.0 0.0 0.0 0.0 0.0 0.0 
70.0 35.3 0.0 90.00662952534756 0.0 0.0 0.0 0.0 0.0 0.0 
70.0 35.4 0.0 90.00662952534756 0.0 0.0 0.0 0.0 0.0 0.0 
70.0 35.5 0.0 90.00662952534756 0.0 0.0 0.0 0.0 0.0 0.0 
70.0 35.599999999999994 0.0 90.00662952534756 0.0 0.0 0.0 0.0 0.0 0.0 
70.0 35.699999999999996 0.0 90.00662952534756 0.0 0.0 0.0 0.0 0.0 0.0 
70.0 35.8 0.0 90.00662952534756 0.0 0.0 0.0 0.0 0.0 0.0 
70.0 35.9 0.0 90.00662952534756 0.0 0.0 0.0 0.0 0.0 0.0 
70.0 36.0 0.0 90.00662952534756 0.0 0.0 0.0 0.0 0.0 0.0 
70.0 36.099999999999994 0.0 90.00662952534756 0.0 0.0 0.0 0.0 0.0 0.0 
70.0 36.199999999999996 0.0 90.00662952534756 0.0 0.0 0.0 0.0 0.0 0.0 
70.0 36.3 0.0 90.00662952534756 0.0 0.0 0.0 0.0 0.0 0.0 
70.0 36.4 0.0 90.00662952534756 0.0 0.0 0.0 0.0 0.0 0.0 
70.0 36.5 0.0 90.00662952534756 0.0 0.0 0.0 0.0 0.0 0.0 
70.0 36.599999999999994 0.0 90.00662952534756 0.0 0.0 0.0 0.0 0.0 0.0 
70.0 36.699999999999996 0.0 90.00662952534756 0.0 0.0 0.0 0.0 0.0 0.0 
70.0 36.8 0.0 90.00662952534756 0.0 0.0 0.0 0.0 0.0 0.0 
70.0 36.9 0.0 90.00662952534756 0.0 0.0 0.0 0.0 0.0 0.0 
70.0 37.0 0.0 90.00662952534756 0.0 0.0 0.0 0.0 0.0 0.0 
70.0 37.099999999999994 0.0 90.00662952534756 0.0 0.0 0.0 0.0 0.0 0.0 
70.0 37.199999999999996 0.0 90.00662952534756 0.0 0.0 0.0 0.0 0.0 0.0 
70.0 37.3 0.0 90.00662952534756 0.0 0.0 0.0 0.0 0.0 0.0 
70.0 37.4 0.0 90.00662952534756 0.0 0.0 0.0 0.0 0.0 0.0 
70.0 37.5 0.0 90.00662952534756 0.0 0.0 0.0 0.0 0.0 0.0 
70.0 37.599999999999994 0.0 90.00662952534756 0.0 0.0 0.0 0.0 0.0 0.0 
70.0 37.699999999999996 0.0 90.00662952534756 0.0 0.0 0.0 0.0 0.0 0.0 
70.0 37.8 0.0 90.00662952534756 0.0 0.0 0.0 0.0 0.0 0.0 
70.0 37.9 0.0 90.00662952534756 0.0 0.0 0.0 0.0 0.0 0.0 
70.0 38.0 0.0 90.00662952534756 0.0 0.0 0.0 0.0 0.0 0.0 
70.0 38.099999999999994 0.0 90.00662952534756 0.0 0.0 0.0 0.0 0.0 0.0 
70.0 38.199999999999996 0.0 90.00662952534756 0.0 0.0 0.0 0.0 0.0 0.0 
70.0 38.3 0.0 90.00662952534756 0.0 0.0 0.0 0.0 0.0 0.0 
70.0 38.4 0.0 90.00662952534756 0.0 0.0 0.0 0.0 0.0 0.0 
70.0 38.5 0.0 90.00662952534756 0.0 0.0 0.0 0.0 0.0 0.0 
70.0 38.599999999999994 0.0 90.00662952534756 0.0 0.0 0.0 0.0 0.0 0.0 
70.0 38.699999999999996 0.0 90.00662952534756 0.0 0.0 0.0 0.0 0.0 0.0 
70.0 38.8 0.0 90.00662952534756 0.0 0.0 0.0 0.0 0.0 0.0 
70.0 38.9 0.0 90.00662952534756 0.0 0.0 0.0 0.0 0.0 0.0 
70.0 39.0 0.0 90.00662952534756 0.0 0.0 0.0 0.0 0.0 0.0 
70.0 39.099999999999994 0.0 90.00662952534756 0.0 0.0 0.0 0.0 0.0 0.0 
70.0 39.2 0.0 90.00662952534756 0.0 0.0 0.0 0.0 0.0 0.0 
70.0 39.3 0.0 90.00662952534756 0.0 0.0 0.0 0.0 0.0 0.0 
70.0 39.4 0.0 90.00662952534756 0.0 0.0 0.0 0.0 0.0 0.0 
70.0 39.5 0.0 90.00662952534756 0.0 0.0 0.0 0.0 0.0 0.0 
70.0 39.599999999999994 0.0 90.00662952534756 0.0 0.0 0.0 0.0 0.0 0.0 
70.0 39.7 0.0 90.00662952534756 0.0 0.0 0.0 0.0 0.0 0.0 
70.0 39.8 0.0 90.00662952534756 0.0 0.0 0.0 0.0 0.0 0.0 
70.0 39.9 0.0 90.00662952534756 0.0 0.0 0.0 0.0 0.0 0.0 
70.0 40.0 0.0 90.00662952534756 0.0 0.0 0.0 0.0 0.0 0.0 
70.0 40.099999999999994 0.0 90.00662952534756 0.0 0.0 0.0 0.0 0.0 0.0 
70.0 40.2 0.0 90.00662952534756 0.0 0.0 0.0 0.0 0.0 0.0 
70.0 40.3 0.0 90.00662952534756 0.0 0.0 0.0 0.0 0.0 0.0 
70.0 40.4 0.0 90.00662952534756 0.0 0.0 0.0 0.0 0.0 0.0 
70.0 40.5 0.0 90.00662952534756 0.0 0.0 0.0 0.0 0.0 0.0 
70.0 40.599999999999994 0.0 90.00662952534756 0.0 0.0 0.0 0.0 0.0 0.0 
70.0 40.7 0.0 90.00662952534756 0.0 0.0 0.0 0.0 0.0 0.0 
70.0 40.8 0.0 90.00662952534756 0.0 0.0 0.0 0.0 0.0 0.0 
70.0 40.9 0.0 90.00662952534756 0.0 0.0 0.0 0.0 0.0 0.0 
70.0 41.0 0.0 90.00662952534756 0.0 0.0 0.0 0.0 0.0 0.0 
70.0 41.099999999999994 0.0 90.00662952534756 0.0 0.0 0.0 0.0 0.0 0.0 
70.0 41.2 0.0 90.00662952534756 0.0 0.0 0.0 0.0 0.0 0.0 
70.0 41.3 0.0 90.00662952534756 0.0 0.0 0.0 0.0 0.0 0.0 
70.0 41.4 0.0 90.00662952534756 0.0 0.0 0.0 0.0 0.0 0.0 
70.0 41.5 0.0 90.00662952534756 0.0 0.0 0.0 0.0 0.0 0.0 
70.0 41.599999999999994 0.0 90.00662952534756 0.0 0.0 0.0 0.0 0.0 0.0 
70.0 41.7 0.0 90.00662952534756 0.0 0.0 0.0 0.0 0.0 0.0 
70.0 41.8 0.0 90.00662952534756 0.0 0.0 0.0 0.0 0.0 0.0 
70.0 41.9 0.0 90.00662952534756 0.0 0.0 0.0 0.0 0.0 0.0 
70.0 42.0 0.0 90.00662952534756 0.0 0.0 0.0 0.0 0.0 0.0 
70.0 42.099999999999994 0.0 90.00662952534756 0.0 0.0 0.0 0.0 0.0 0.0 
70.0 42.2 0.0 90.00662952534756 0.0 0.0 0.0 0.0 0.0 0.0 
70.0 42.3 0.0 90.00662952534756 0.0 0.0 0.0 0.0 0.0 0.0 
70.0 42.4 0.0 90.00662952534756 0.0 0.0 0.0 0.0 0.0 0.0 
70.0 42.5 0.0 90.00662952534756 0.0 0.0 0.0 0.0 0.0 0.0 
70.0 42.599999999999994 0.0 90.00662952534756 0.0 0.0 0.0 0.0 0.0 0.0 
70.0 42.7 0.0 90.00662952534756 0.0 0.0 0.0 0.0 0.0 0.0 
70.0 42.8 0.0 90.00662952534756 0.0 0.0 0.0 0.0 0.0 0.0 
70.0 42.9 0.0 90.00662952534756 0.0 0.0 0.0 0.0 0.0 0.0 
70.0 43.0 0.0 90.00662952534756 0.0 0.0 0.0 0.0 0.0 0.0 
70.0 43.099999999999994 0.0 90.00662952534756 0.0 0.0 0.0 0.0 0.0 0.0 
70.0 43.2 0.0 90.00662952534756 0.0 0.0 0.0 0.0 0.0 0.0 
70.0 43.3 0.0 90.00662952534756 0.0 0.0 0.0 0.0 0.0 0.0 
70.0 43.4 0.0 90.00662952534756 0.0 0.0 0.0 0.0 0.0 0.0 
70.0 43.5 0.0 90.00662952534756 0.0 0.0 0.0 0.0 0.0 0.0 
70.0 43.599999999999994 0.0 90.00662952534756 0.0 0.0 0.0 0.0 0.0 0.0 
70.0 43.7 0.0 90.00662952534756 0.0 0.0 0.0 0.0 0.0 0.0 
70.0 43.8 0.0 90.00662952534756 0.0 0.0 0.0 0.0 0.0 0.0 
70.0 43.9 0.0 90.00662952534756 0.0 0.0 0.0 0.0 0.0 0.0 
70.0 44.0 0.0 90.00662952534756 0.0 0.0 0.0 0.0 0.0 0.0 
70.0 44.099999999999994 0.0 90.00662952534756 0.0 0.0 0.0 0.0 0.0 0.0 
70.0 44.2 0.0 90.00662952534756 0.0 0.0 0.0 0.0 0.0 0.0 
70.0 44.3 0.0 90.00662952534756 0.0 0.0 0.0 0.0 0.0 0.0 
70.0 44.4 0.0 90.00662952534756 0.0 0.0 0.0 0.0 0.0 0.0 
70.0 44.5 0.0 90.00662952534756 0.0 0.0 0.0 0.0 0.0 0.0 
70.0 44.599999999999994 0.0 90.00662952534756 0.0 0.0 0.0 0.0 0.0 0.0 
70.0 44.7 0.0 90.00662952534756 0.0 0.0 0.0 0.0 0.0 0.0 
70.0 44.8 0.0 90.00662952534756 0.0 0.0 0.0 0.0 0.0 0.0 
70.0 44.9 0.0 90.00662952534756 0.0 0.0 0.0 0.0 0.0 0.0 
70.0 45.0 0.0 90.00662952534756 0.0 0.0 0.0 0.0 0.0 0.0 
70.0 45.099999999999994 0.0 90.00662952534756 0.0 0.0 0.0 0.0 0.0 0.0 
70.0 45.2 0.0 90.00662952534756 0.0 0.0 0.0 0.0 0.0 0.0 
70.0 45.3 0.0 90.00662952534756 0.0 0.0 0.0 0.0 0.0 0.0 
70.0 45.4 0.0 90.00662952534756 0.0 0.0 0.0 0.0 0.0 0.0 
70.0 45.5 0.0 90.00662952534756 0.0 0.0 0.0 0.0 0.0 0.0 
70.0 45.599999999999994 0.0 90.00662952534756 0.0 0.0 0.0 0.0 0.0 0.0 
70.0 45.7 0.0 90.00662952534756 0.0 0.0 0.0 0.0 0.0 0.0 
70.0 45.8 0.0 90.00662952534756 0.0 0.0 0.0 0.0 0.0 0.0 
70.0 45.9 0.0 90.00662952534756 0.0 0.0 0.0 0.0 0.0 0.0 
70.0 46.0 0.0 90.00662952534756 0.0 0.0 0.0 0.0 0.0 0.0 
70.0 46.099999999999994 0.0 90.00662952534756 0.0 0.0 0.0 0.0 0.0 0.0 
70.0 46.2 0.0 90.00662952534756 0.0 0.0 0.0 0.0 0.0 0.0 
70.0 46.3 0.0 90.00662952534756 0.0 0.0 0.0 0.0 0.0 0.0 
70.0 46.4 0.0 90.00662952534756 0.0 0.0 0.0 0.0 0.0 0.0 
70.0 46.5 0.0 90.00662952534756 0.0 0.0 0.0 0.0 0.0 0.0 
70.0 46.599999999999994 0.0 90.00662952534756 0.0 0.0 0.0 0.0 0.0 0.0 
70.0 46.7 0.0 90.00662952534756 0.0 0.0 0.0 0.0 0.0 0.0 
70.0 46.8 0.0 90.00662952534756 0.0 0.0 0.0 0.0 0.0 0.0 
70.0 46.9 0.0 90.00662952534756 0.0 0.0 0.0 0.0 0.0 0.0 
70.0 47.0 0.0 90.00662952534756 0.0 0.0 0.0 0.0 0.0 0.0 
70.0 47.099999999999994 0.0 90.00662952534756 0.0 0.0 0.0 0.0 0.0 0.0 
70.0 47.2 0.0 90.00662952534756 0.0 0.0 0.0 0.0 0.0 0.0 
70.0 47.3 0.0 90.00662952534756 0.0 0.0 0.0 0.0 0.0 0.0 
70.0 47.4 0.0 90.00662952534756 0.0 0.0 0.0 0.0 0.0 0.0 
70.0 47.5 0.0 90.00662952534756 0.0 0.0 0.0 0.0 0.0 0.0 
70.0 47.599999999999994 0.0 90.00662952534756 0.0 0.0 0.0 0.0 0.0 0.0 
70.0 47.7 0.0 90.00662952534756 0.0 0.0 0.0 0.0 0.0 0.0 
70.0 47.8 0.0 90.00662952534756 0.0 0.0 0.0 0.0 0.0 0.0 
70.0 47.9 0.0 90.00662952534756 0.0 0.0 0.0 0.0 0.0 0.0 
70.0 48.0 0.0 90.00662952534756 0.0 0.0 0.0 0.0 0.0 0.0 
70.0 48.099999999999994 0.0 90.00662952534756 0.0 0.0 0.0 0.0 0.0 0.0 
70.0 48.2 0.0 90.00662952534756 0.0 0.0 0.0 0.0 0.0 0.0 
70.0 48.3 0.0 90.00662952534756 0.0 0.0 0.0 0.0 0.0 0.0 
70.0 48.4 0.0 90.00662952534756 0.0 0.0 0.0 0.0 0.0 0.0 
70.0 48.5 0.0 90.00662952534756 0.0 0.0 0.0 0.0 0.0 0.0 
70.0 48.599999999999994 0.0 90.00662952534756 0.0 0.0 0.0 0.0 0.0 0.0 
70.0 48.7 0.0 90.00662952534756 0.0 0.0 0.0 0.0 0.0 0.0 
70.0 48.8 0.0 90.00662952534756 0.0 0.0 0.0 0.0 0.0 0.0 
70.0 48.9 0.0 90.00662952534756 0.0 0.0 0.0 0.0 0.0 0.0 
70.0 49.0 0.0 90.00662952534756 0.0 0.0 0.0 0.0 0.0 0.0 
70.0 49.099999999999994 0.0 90.00662952534756 0.0 0.0 0.0 0.0 0.0 0.0 
70.0 49.2 0.0 90.00662952534756 0.0 0.0 0.0 0.0 0.0 0.0 
70.0 49.3 0.0 90.00662952534756 0.0 0.0 0.0 0.0 0.0 0.0 
70.0 49.4 0.0 90.00662952534756 0.0 0.0 0.0 0.0 0.0 0.0 
70.0 49.5 0.0 90.00662952534756 0.0 0.0 0.0 0.0 0.0 0.0 
70.0 49.599999999999994 0.0 90.00662952534756 0.0 0.0 0.0 0.0 0.0 0.0 
70.0 49.7 0.0 90.00662952534756 0.0 0.0 0.0 0.0 0.0 0.0 
70.0 49.8 0.0 90.00662952534756 0.0 0.0 0.0 0.0 0.0 0.0 
70.0 49.9 0.0 90.00662952534756 0.0 0.0 0.0 0.0 0.0 0.0 
70.0 50.0 0.0 90.00662952534756 0.0 0.0 0.0 0.0 0.0 0.0 
70.0 50.099999999999994 0.0 90.00662952534756 0.0 0.0 0.0 0.0 0.0 0.0 
70.0 50.2 0.0 90.00662952534756 0.0 0.0 0.0 0.0 0.0 0.0 
70.0 50.3 0.0 90.00662952534756 0.0 0.0 0.0 0.0 0.0 0.0 
70.0 50.4 0.0 90.00662952534756 0.0 0.0 0.0 0.0 0.0 0.0 
70.0 50.5 0.0 90.00662952534756 0.0 0.0 0.0 0.0 0.0 0.0 
70.0 50.599999999999994 0.0 90.00662952534756 0.0 0.0 0.0 0.0 0.0 0.0 
70.0 50.7 0.0 90.00662952534756 0.0 0.0 0.0 0.0 0.0 0.0 
70.0 50.8 0.0 90.00662952534756 0.0 0.0 0.0 0.0 0.0 0.0 
70.0 50.9 0.0 90.00662952534756 0.0 0.0 0.0 0.0 0.0 0.0 
70.0 51.0 0.0 90.00662952534756 0.0 0.0 0.0 0.0 0.0 0.0 
70.0 51.099999999999994 0.0 90.00662952534756 0.0 0.0 0.0 0.0 0.0 0.0 
70.0 51.2 0.0 90.00662952534756 0.0 0.0 0.0 0.0 0.0 0.0 
70.0 51.3 0.0 90.00662952534756 0.0 0.0 0.0 0.0 0.0 0.0 
70.0 51.4 0.0 90.00662952534756 0.0 0.0 0.0 0.0 0.0 0.0 
70.0 51.5 0.0 90.00662952534756 0.0 0.0 0.0 0.0 0.0 0.0 
70.0 51.599999999999994 0.0 90.00662952534756 0.0 0.0 0.0 0.0 0.0 0.0 
70.0 51.7 0.0 90.00662952534756 0.0 0.0 0.0 0.0 0.0 0.0 
70.0 51.8 0.0 90.00662952534756 0.0 0.0 0.0 0.0 0.0 0.0 
70.0 51.9 0.0 90.00662952534756 0.0 0.0 0.0 0.0 0.0 0.0 
70.0 52.0 0.0 90.00662952534756 0.0 0.0 0.0 0.0 0.0 0.0 
70.0 52.099999999999994 0.0 90.00662952534756 0.0 0.0 0.0 0.0 0.0 0.0 
70.0 52.2 0.0 90.00662952534756 0.0 0.0 0.0 0.0 0.0 0.0 
70.0 52.3 0.0 90.00662952534756 0.0 0.0 0.0 0.0 0.0 0.0 
70.0 52.39999999999999 0.0 90.00662952534756 0.0 0.0 0.0 0.0 0.0 0.0 
70.0 52.5 0.0 90.00662952534756 0.0 0.0 0.0 0.0 0.0 0.0 
70.0 52.599999999999994 0.0 90.00662952534756 0.0 0.0 0.0 0.0 0.0 0.0 
70.0 52.7 0.0 90.00662952534756 0.0 0.0 0.0 0.0 0.0 0.0 
70.0 52.8 0.0 90.00662952534756 0.0 0.0 0.0 0.0 0.0 0.0 
70.0 52.89999999999999 0.0 90.00662952534756 0.0 0.0 0.0 0.0 0.0 0.0 
70.0 53.0 0.0 90.00662952534756 0.0 0.0 0.0 0.0 0.0 0.0 
70.0 53.099999999999994 0.0 90.00662952534756 0.0 0.0 0.0 0.0 0.0 0.0 
70.0 53.2 0.0 90.00662952534756 0.0 0.0 0.0 0.0 0.0 0.0 
70.0 53.3 0.0 90.00662952534756 0.0 0.0 0.0 0.0 0.0 0.0 
70.0 53.39999999999999 0.0 90.00662952534756 0.0 0.0 0.0 0.0 0.0 0.0 
70.0 53.5 0.0 90.00662952534756 0.0 0.0 0.0 0.0 0.0 0.0 
70.0 53.599999999999994 0.0 90.00662952534756 0.0 0.0 0.0 0.0 0.0 0.0 
70.0 53.7 0.0 90.00662952534756 0.0 0.0 0.0 0.0 0.0 0.0 
70.0 53.8 0.0 90.00662952534756 0.0 0.0 0.0 0.0 0.0 0.0 
70.0 53.89999999999999 0.0 90.00662952534756 0.0 0.0 0.0 0.0 0.0 0.0 
70.0 54.0 0.0 90.00662952534756 0.0 0.0 0.0 0.0 0.0 0.0 
70.0 54.099999999999994 0.0 90.00662952534756 0.0 0.0 0.0 0.0 0.0 0.0 
70.0 54.2 0.0 90.00662952534756 0.0 0.0 0.0 0.0 0.0 0.0 
70.0 54.3 0.0 90.00662952534756 0.0 0.0 0.0 0.0 0.0 0.0 
70.0 54.39999999999999 0.0 90.00662952534756 0.0 0.0 0.0 0.0 0.0 0.0 
70.0 54.5 0.0 90.00662952534756 0.0 0.0 0.0 0.0 0.0 0.0 
70.0 54.599999999999994 0.0 90.00662952534756 0.0 0.0 0.0 0.0 0.0 0.0 
70.0 54.7 0.0 90.00662952534756 0.0 0.0 0.0 0.0 0.0 0.0 
70.0 54.8 0.0 90.00662952534756 0.0 0.0 0.0 0.0 0.0 0.0 
70.0 54.89999999999999 0.0 90.00662952534756 0.0 0.0 0.0 0.0 0.0 0.0 
70.0 55.0 0.0 90.00662952534756 0.0 0.0 0.0 0.0 0.0 0.0 
70.0 55.099999999999994 0.0 90.00662952534756 0.0 0.0 0.0 0.0 0.0 0.0 
70.0 55.2 0.0 90.00662952534756 0.0 0.0 0.0 0.0 0.0 0.0 
70.0 55.3 0.0 90.00662952534756 0.0 0.0 0.0 0.0 0.0 0.0 
70.0 55.39999999999999 0.0 90.00662952534756 0.0 0.0 0.0 0.0 0.0 0.0 
70.0 55.5 0.0 90.00662952534756 0.0 0.0 0.0 0.0 0.0 0.0 
70.0 55.599999999999994 0.0 90.00662952534756 0.0 0.0 0.0 0.0 0.0 0.0 
70.0 55.7 0.0 90.00662952534756 0.0 0.0 0.0 0.0 0.0 0.0 
70.0 55.8 0.0 90.00662952534756 0.0 0.0 0.0 0.0 0.0 0.0 
70.0 55.89999999999999 0.0 90.00662952534756 0.0 0.0 0.0 0.0 0.0 0.0 
70.0 56.0 0.0 90.00662952534756 0.0 0.0 0.0 0.0 0.0 0.0 
70.0 56.099999999999994 0.0 90.00662952534756 0.0 0.0 0.0 0.0 0.0 0.0 
70.0 56.2 0.0 90.00662952534756 0.0 0.0 0.0 0.0 0.0 0.0 
70.0 56.3 0.0 90.00662952534756 0.0 0.0 0.0 0.0 0.0 0.0 
70.0 56.39999999999999 0.0 90.00662952534756 0.0 0.0 0.0 0.0 0.0 0.0 
70.0 56.5 0.0 90.00662952534756 0.0 0.0 0.0 0.0 0.0 0.0 
70.0 56.599999999999994 0.0 90.00662952534756 0.0 0.0 0.0 0.0 0.0 0.0 
70.0 56.7 0.0 90.00662952534756 0.0 0.0 0.0 0.0 0.0 0.0 
70.0 56.8 0.0 90.00662952534756 0.0 0.0 0.0 0.0 0.0 0.0 
70.0 56.89999999999999 0.0 90.00662952534756 0.0 0.0 0.0 0.0 0.0 0.0 
70.0 57.0 0.0 90.00662952534756 0.0 0.0 0.0 0.0 0.0 0.0 
70.0 57.099999999999994 0.0 90.00662952534756 0.0 0.0 0.0 0.0 0.0 0.0 
70.0 57.2 0.0 90.00662952534756 0.0 0.0 0.0 0.0 0.0 0.0 
70.0 57.3 0.0 90.00662952534756 0.0 0.0 0.0 0.0 0.0 0.0 
70.0 57.39999999999999 0.0 90.00662952534756 0.0 0.0 0.0 0.0 0.0 0.0 
70.0 57.5 0.0 90.00662952534756 0.0 0.0 0.0 0.0 0.0 0.0 
70.0 57.599999999999994 0.0 90.00662952534756 0.0 0.0 0.0 0.0 0.0 0.0 
70.0 57.7 0.0 90.00662952534756 0.0 0.0 0.0 0.0 0.0 0.0 
70.0 57.8 0.0 90.00662952534756 0.0 0.0 0.0 0.0 0.0 0.0 
70.0 57.89999999999999 0.0 90.00662952534756 0.0 0.0 0.0 0.0 0.0 0.0 
70.0 58.0 0.0 90.00662952534756 0.0 0.0 0.0 0.0 0.0 0.0 
70.0 58.099999999999994 0.0 90.00662952534756 0.0 0.0 0.0 0.0 0.0 0.0 
70.0 58.2 0.0 90.00662952534756 0.0 0.0 0.0 0.0 0.0 0.0 
70.0 58.3 0.0 90.00662952534756 0.0 0.0 0.0 0.0 0.0 0.0 
70.0 58.400000000000006 0.0 90.00662952534756 0.0 0.0 0.0 0.0 0.0 0.0 
70.0 58.5 0.0 90.00662952534756 0.0 0.0 0.0 0.0 0.0 0.0 
70.0 58.599999999999994 0.0 90.00662952534756 0.0 0.0 0.0 0.0 0.0 0.0 
70.0 58.7 0.0 90.00662952534756 0.0 0.0 0.0 0.0 0.0 0.0 
70.0 58.8 0.0 90.00662952534756 0.0 0.0 0.0 0.0 0.0 0.0 
70.0 58.900000000000006 0.0 90.00662952534756 0.0 0.0 0.0 0.0 0.0 0.0 
70.0 59.0 0.0 90.00662952534756 0.0 0.0 0.0 0.0 0.0 0.0 
70.0 59.099999999999994 0.0 90.00662952534756 0.0 0.0 0.0 0.0 0.0 0.0 
70.0 59.2 0.0 90.00662952534756 0.0 0.0 0.0 0.0 0.0 0.0 
70.0 59.3 0.0 90.00662952534756 0.0 0.0 0.0 0.0 0.0 0.0 
70.0 59.400000000000006 0.0 90.00662952534756 0.0 0.0 0.0 0.0 0.0 0.0 
70.0 59.5 0.0 90.00662952534756 0.0 0.0 0.0 0.0 0.0 0.0 
70.0 59.599999999999994 0.0 90.00662952534756 0.0 0.0 0.0 0.0 0.0 0.0 
70.0 59.7 0.0 90.00662952534756 0.0 0.0 0.0 0.0 0.0 0.0 
70.0 59.8 0.0 90.00662952534756 0.0 0.0 0.0 0.0 0.0 0.0 
70.0 59.900000000000006 0.0 90.00662952534756 0.0 0.0 0.0 0.0 0.0 0.0 
70.0 60.0 0.0 90.00662952534756 0.0 0.0 0.0 0.0 0.0 0.0 
70.0 60.099999999999994 0.0 90.00662952534756 0.0 0.0 0.0 0.0 0.0 0.0 
70.0 60.2 0.0 90.00662952534756 0.0 0.0 0.0 0.0 0.0 0.0 
70.0 60.3 0.0 90.00662952534756 0.0 0.0 0.0 0.0 0.0 0.0 
70.0 60.400000000000006 0.0 90.00662952534756 0.0 0.0 0.0 0.0 0.0 0.0 
70.0 60.5 0.0 90.00662952534756 0.0 0.0 0.0 0.0 0.0 0.0 
70.0 60.599999999999994 0.0 90.00662952534756 0.0 0.0 0.0 0.0 0.0 0.0 
70.0 60.7 0.0 90.00662952534756 0.0 0.0 0.0 0.0 0.0 0.0 
70.0 60.8 0.0 90.00662952534756 0.0 0.0 0.0 0.0 0.0 0.0 
70.0 60.900000000000006 0.0 90.00662952534756 0.0 0.0 0.0 0.0 0.0 0.0 
70.0 61.0 0.0 90.00662952534756 0.0 0.0 0.0 0.0 0.0 0.0 
70.0 61.099999999999994 0.0 90.00662952534756 0.0 0.0 0.0 0.0 0.0 0.0 
70.0 61.2 0.0 90.00662952534756 0.0 0.0 0.0 0.0 0.0 0.0 
70.0 61.3 0.0 90.00662952534756 0.0 0.0 0.0 0.0 0.0 0.0 
70.0 61.400000000000006 0.0 90.00662952534756 0.0 0.0 0.0 0.0 0.0 0.0 
70.0 61.5 0.0 90.00662952534756 0.0 0.0 0.0 0.0 0.0 0.0 
70.0 61.599999999999994 0.0 90.00662952534756 0.0 0.0 0.0 0.0 0.0 0.0 
70.0 61.7 0.0 90.00662952534756 0.0 0.0 0.0 0.0 0.0 0.0 
70.0 61.8 0.0 90.00662952534756 0.0 0.0 0.0 0.0 0.0 0.0 
70.0 61.900000000000006 0.0 90.00662952534756 0.0 0.0 0.0 0.0 0.0 0.0 
70.0 62.0 0.0 90.00662952534756 0.0 0.0 0.0 0.0 0.0 0.0 
70.0 62.099999999999994 0.0 90.00662952534756 0.0 0.0 0.0 0.0 0.0 0.0 
70.0 62.2 0.0 90.00662952534756 0.0 0.0 0.0 0.0 0.0 0.0 
70.0 62.3 0.0 90.00662952534756 0.0 0.0 0.0 0.0 0.0 0.0 
70.0 62.400000000000006 0.0 90.00662952534756 0.0 0.0 0.0 0.0 0.0 0.0 
70.0 62.5 0.0 90.00662952534756 0.0 0.0 0.0 0.0 0.0 0.0 
70.0 62.599999999999994 0.0 90.00662952534756 0.0 0.0 0.0 0.0 0.0 0.0 
70.0 62.7 0.0 90.00662952534756 0.0 0.0 0.0 0.0 0.0 0.0 
70.0 62.8 0.0 90.00662952534756 0.0 0.0 0.0 0.0 0.0 0.0 
70.0 62.900000000000006 0.0 90.00662952534756 0.0 0.0 0.0 0.0 0.0 0.0 
70.0 63.0 0.0 90.00662952534756 0.0 0.0 0.0 0.0 0.0 0.0 
70.0 63.099999999999994 0.0 90.00662952534756 0.0 0.0 0.0 0.0 0.0 0.0 
70.0 63.2 0.0 90.00662952534756 0.0 0.0 0.0 0.0 0.0 0.0 
70.0 63.3 0.0 90.00662952534756 0.0 0.0 0.0 0.0 0.0 0.0 
70.0 63.400000000000006 0.0 90.00662952534756 0.0 0.0 0.0 0.0 0.0 0.0 
70.0 63.5 0.0 90.00662952534756 0.0 0.0 0.0 0.0 0.0 0.0 
70.0 63.599999999999994 0.0 90.00662952534756 0.0 0.0 0.0 0.0 0.0 0.0 
70.0 63.7 0.0 90.00662952534756 0.0 0.0 0.0 0.0 0.0 0.0 
70.0 63.8 0.0 90.00662952534756 0.0 0.0 0.0 0.0 0.0 0.0 
70.0 63.900000000000006 0.0 90.00662952534756 0.0 0.0 0.0 0.0 0.0 0.0 
70.0 64.0 0.0 90.00662952534756 0.0 0.0 0.0 0.0 0.0 0.0 
70.0 64.1 0.0 90.00662952534756 0.0 0.0 0.0 0.0 0.0 0.0 
70.0 64.2 0.0 90.00662952534756 0.0 0.0 0.0 0.0 0.0 0.0 
70.0 64.3 0.0 90.00662952534756 0.0 0.0 0.0 0.0 0.0 0.0 
70.0 64.4 0.0 90.00662952534756 0.0 0.0 0.0 0.0 0.0 0.0 
70.0 64.5 0.0 90.00662952534756 0.0 0.0 0.0 0.0 0.0 0.0 
70.0 64.6 0.0 90.00662952534756 0.0 0.0 0.0 0.0 0.0 0.0 
70.0 64.7 0.0 90.00662952534756 0.0 0.0 0.0 0.0 0.0 0.0 
70.0 64.8 0.0 90.00662952534756 0.0 0.0 0.0 0.0 0.0 0.0 
70.0 64.9 0.0 90.00662952534756 0.0 0.0 0.0 0.0 0.0 0.0 
70.0 65.0 0.0 90.00662952534756 0.0 0.0 0.0 0.0 0.0 0.0 
70.0 65.1 0.0 90.00662952534756 0.0 0.0 0.0 0.0 0.0 0.0 
70.0 65.2 0.0 90.00662952534756 0.0 0.0 0.0 0.0 0.0 0.0 
70.0 65.3 0.0 90.00662952534756 0.0 0.0 0.0 0.0 0.0 0.0 
70.0 65.4 0.0 90.00662952534756 0.0 0.0 0.0 0.0 0.0 0.0 
70.0 65.5 0.0 90.00662952534756 0.0 0.0 0.0 0.0 0.0 0.0 
70.0 65.6 0.0 90.00662952534756 0.0 0.0 0.0 0.0 0.0 0.0 
70.0 65.7 0.0 90.00662952534756 0.0 0.0 0.0 0.0 0.0 0.0 
70.0 65.8 0.0 90.00662952534756 0.0 0.0 0.0 0.0 0.0 0.0 
70.0 65.9 0.0 90.00662952534756 0.0 0.0 0.0 0.0 0.0 0.0 
70.0 66.0 0.0 90.00662952534756 0.0 0.0 0.0 0.0 0.0 0.0 
70.0 66.1 0.0 90.00662952534756 0.0 0.0 0.0 0.0 0.0 0.0 
70.0 66.2 0.0 90.00662952534756 0.0 0.0 0.0 0.0 0.0 0.0 
70.0 66.3 0.0 90.00662952534756 0.0 0.0 0.0 0.0 0.0 0.0 
70.0 66.4 0.0 90.00662952534756 0.0 0.0 0.0 0.0 0.0 0.0 
70.0 66.5 0.0 90.00662952534756 0.0 0.0 0.0 0.0 0.0 0.0 
70.0 66.6 0.0 90.00662952534756 0.0 0.0 0.0 0.0 0.0 0.0 
70.0 66.7 0.0 90.00662952534756 0.0 0.0 0.0 0.0 0.0 0.0 
70.0 66.8 0.0 90.00662952534756 0.0 0.0 0.0 0.0 0.0 0.0 
70.0 66.9 0.0 90.00662952534756 0.0 0.0 0.0 0.0 0.0 0.0 
70.0 67.0 0.0 90.00662952534756 0.0 0.0 0.0 0.0 0.0 0.0 
70.0 67.1 0.0 90.00662952534756 0.0 0.0 0.0 0.0 0.0 0.0 
70.0 67.2 0.0 90.00662952534756 0.0 0.0 0.0 0.0 0.0 0.0 
70.0 67.3 0.0 90.00662952534756 0.0 0.0 0.0 0.0 0.0 0.0 
70.0 67.4 0.0 90.00662952534756 0.0 0.0 0.0 0.0 0.0 0.0 
70.0 67.5 0.0 90.00662952534756 0.0 0.0 0.0 0.0 0.0 0.0 
70.0 67.6 0.0 90.00662952534756 0.0 0.0 0.0 0.0 0.0 0.0 
70.0 67.7 0.0 90.00662952534756 0.0 0.0 0.0 0.0 0.0 0.0 
70.0 67.8 0.0 90.00662952534756 0.0 0.0 0.0 0.0 0.0 0.0 
70.0 67.9 0.0 90.00662952534756 0.0 0.0 0.0 0.0 0.0 0.0 
70.0 68.0 0.0 90.00662952534756 0.0 0.0 0.0 0.0 0.0 0.0 
70.0 68.1 0.0 90.00662952534756 0.0 0.0 0.0 0.0 0.0 0.0 
70.0 68.2 0.0 90.00662952534756 0.0 0.0 0.0 0.0 0.0 0.0 
70.0 68.3 0.0 90.00662952534756 0.0 0.0 0.0 0.0 0.0 0.0 
70.0 68.4 0.0 90.00662952534756 0.0 0.0 0.0 0.0 0.0 0.0 
70.0 68.5 0.0 90.00662952534756 0.0 0.0 0.0 0.0 0.0 0.0 
70.0 68.6 0.0 90.00662952534756 0.0 0.0 0.0 0.0 0.0 0.0 
70.0 68.7 0.0 90.00662952534756 0.0 0.0 0.0 0.0 0.0 0.0 
70.0 68.8 0.0 90.00662952534756 0.0 0.0 0.0 0.0 0.0 0.0 
70.0 68.9 0.0 90.00662952534756 0.0 0.0 0.0 0.0 0.0 0.0 
70.0 69.0 0.0 90.00662952534756 0.0 0.0 0.0 0.0 0.0 0.0 
70.0 69.1 0.0 90.00662952534756 0.0 0.0 0.0 0.0 0.0 0.0 
70.0 69.2 0.0 90.00662952534756 0.0 0.0 0.0 0.0 0.0 0.0 
70.0 69.3 0.0 90.00662952534756 0.0 0.0 0.0 0.0 0.0 0.0 
70.0 69.4 0.0 90.00662952534756 0.0 0.0 0.0 0.0 0.0 0.0 
70.0 69.5 0.0 90.00662952534756 0.0 0.0 0.0 0.0 0.0 0.0 
70.0 69.6 0.0 90.00662952534756 0.0 0.0 0.0 0.0 0.0 0.0 
70.0 69.7 0.0 90.00662952534756 0.0 0.0 0.0 0.0 0.0 0.0 
70.0 69.8 0.0 90.00662952534756 0.0 0.0 0.0 0.0 0.0 0.0 
70.0 69.9 0.0 90.00662952534756 0.0 0.0 0.0 0.0 0.0 0.0 
70.0 70.0 0.0 90.00662952534756 0.0 0.0 0.0 0.0 0.0 0.0 
